INFO 2021-03-04 08:58:14,476 Calculating excitation generators
INFO 2021-03-04 08:58:18,141 -----Running VQE for: H2-----
-----Number of electrons: 2-----
-----Number of orbitals: 4-----
-----Numeber of ansatz elements: 20-----
-----Statevector and energy calculated using <class 'src.backends.MatrixCacheBackend'>------
-----Optimizer BFGS------

INFO 2021-03-04 08:58:18,177 Iteration: 1. Energy -0.7837926540830403.  Energy change 3.331e-16 , Iteration dutation: 0.0005092620849609375
INFO 2021-03-04 08:58:18,195 Iteration: 2. Energy -0.78379265408304.  Energy change 3.331e-16 , Iteration dutation: 0.0351862907409668
INFO 2021-03-04 08:58:18,210 Iteration: 3. Energy -0.78379265408304.  Energy change 0.000e+00 , Iteration dutation: 0.0181121826171875
INFO 2021-03-04 08:58:18,219 Iteration: 4. Energy -0.7837926540830402.  Energy change -2.220e-16 , Iteration dutation: 0.014680624008178711
INFO 2021-03-04 08:58:18,226 Iteration: 5. Energy -0.7837926540830402.  Energy change 0.000e+00 , Iteration dutation: 0.009305000305175781
INFO 2021-03-04 08:58:18,233 Iteration: 6. Energy -0.7837926540830403.  Energy change -1.110e-16 , Iteration dutation: 0.0067865848541259766
INFO 2021-03-04 08:58:18,240 Iteration: 7. Energy -0.7837926540830403.  Energy change 0.000e+00 , Iteration dutation: 0.0068454742431640625
INFO 2021-03-04 08:58:18,246 Iteration: 8. Energy -0.7837926540830403.  Energy change 0.000e+00 , Iteration dutation: 0.0068967342376708984
INFO 2021-03-04 08:58:18,253 Iteration: 9. Energy -0.7837926540830403.  Energy change 0.000e+00 , Iteration dutation: 0.0067598819732666016
INFO 2021-03-04 08:58:18,260 Iteration: 10. Energy -0.7837926540830402.  Energy change 1.110e-16 , Iteration dutation: 0.006744384765625
INFO 2021-03-04 08:58:18,267 Iteration: 11. Energy -0.7837926540830402.  Energy change 0.000e+00 , Iteration dutation: 0.006738901138305664
INFO 2021-03-04 08:58:18,273 Iteration: 12. Energy -0.7837926540830401.  Energy change 1.110e-16 , Iteration dutation: 0.006736040115356445
INFO 2021-03-04 08:58:18,280 Iteration: 13. Energy -0.7837926540830401.  Energy change 0.000e+00 , Iteration dutation: 0.006737232208251953
INFO 2021-03-04 08:58:18,287 Iteration: 14. Energy -0.7837926618059685.  Energy change -7.723e-09 , Iteration dutation: 0.006723165512084961
INFO 2021-03-04 08:58:18,294 Iteration: 15. Energy -0.7837926463601119.  Energy change 1.545e-08 , Iteration dutation: 0.006842851638793945
INFO 2021-03-04 08:58:18,300 Iteration: 16. Energy -0.7837926618059685.  Energy change -1.545e-08 , Iteration dutation: 0.0067632198333740234
INFO 2021-03-04 08:58:18,307 Iteration: 17. Energy -0.7837926618059685.  Energy change 0.000e+00 , Iteration dutation: 0.00685429573059082
INFO 2021-03-04 08:58:18,314 Iteration: 18. Energy -0.7837926463601119.  Energy change 1.545e-08 , Iteration dutation: 0.006767988204956055
INFO 2021-03-04 08:58:18,321 Iteration: 19. Energy -0.7837926463601119.  Energy change 0.000e+00 , Iteration dutation: 0.006711244583129883
INFO 2021-03-04 08:58:18,328 Iteration: 20. Energy -0.7837926618059685.  Energy change -1.545e-08 , Iteration dutation: 0.006817340850830078
INFO 2021-03-04 08:58:18,334 Iteration: 21. Energy -0.7837926463601119.  Energy change 1.545e-08 , Iteration dutation: 0.0068399906158447266
INFO 2021-03-04 08:58:18,347 Iteration: 22. Energy -0.6248501221730419.  Energy change 1.589e-01 , Iteration dutation: 0.006831169128417969
INFO 2021-03-04 08:58:18,353 Iteration: 23. Energy -0.6248501221730423.  Energy change -3.331e-16 , Iteration dutation: 0.01242375373840332
INFO 2021-03-04 08:58:18,360 Iteration: 24. Energy -0.6248501221730423.  Energy change 0.000e+00 , Iteration dutation: 0.0063059329986572266
INFO 2021-03-04 08:58:18,367 Iteration: 25. Energy -0.6248501221730421.  Energy change 1.110e-16 , Iteration dutation: 0.0066776275634765625
INFO 2021-03-04 08:58:18,374 Iteration: 26. Energy -0.6248501221730421.  Energy change 0.000e+00 , Iteration dutation: 0.006939888000488281
INFO 2021-03-04 08:58:18,380 Iteration: 27. Energy -0.6248501221730415.  Energy change 6.661e-16 , Iteration dutation: 0.006773471832275391
INFO 2021-03-04 08:58:18,387 Iteration: 28. Energy -0.6248501221730415.  Energy change 0.000e+00 , Iteration dutation: 0.0069026947021484375
INFO 2021-03-04 08:58:18,394 Iteration: 29. Energy -0.6248501221730415.  Energy change 0.000e+00 , Iteration dutation: 0.006859540939331055
INFO 2021-03-04 08:58:18,402 Iteration: 30. Energy -0.6248501221730415.  Energy change 0.000e+00 , Iteration dutation: 0.006821870803833008
INFO 2021-03-04 08:58:18,408 Iteration: 31. Energy -0.6248501221730421.  Energy change -6.661e-16 , Iteration dutation: 0.0074427127838134766
INFO 2021-03-04 08:58:18,415 Iteration: 32. Energy -0.6248501221730421.  Energy change 0.000e+00 , Iteration dutation: 0.0066928863525390625
INFO 2021-03-04 08:58:18,422 Iteration: 33. Energy -0.6248501221730415.  Energy change 6.661e-16 , Iteration dutation: 0.0067291259765625
INFO 2021-03-04 08:58:18,429 Iteration: 34. Energy -0.6248501221730415.  Energy change 0.000e+00 , Iteration dutation: 0.006822347640991211
INFO 2021-03-04 08:58:18,435 Iteration: 35. Energy -0.6248501306253237.  Energy change -8.452e-09 , Iteration dutation: 0.0069315433502197266
INFO 2021-03-04 08:58:18,442 Iteration: 36. Energy -0.6248501137207593.  Energy change 1.690e-08 , Iteration dutation: 0.006717681884765625
INFO 2021-03-04 08:58:18,449 Iteration: 37. Energy -0.6248501306253237.  Energy change -1.690e-08 , Iteration dutation: 0.0067408084869384766
INFO 2021-03-04 08:58:18,456 Iteration: 38. Energy -0.6248501306253235.  Energy change 2.220e-16 , Iteration dutation: 0.006775379180908203
INFO 2021-03-04 08:58:18,462 Iteration: 39. Energy -0.6248501137207597.  Energy change 1.690e-08 , Iteration dutation: 0.00670933723449707
INFO 2021-03-04 08:58:18,469 Iteration: 40. Energy -0.6248501137207593.  Energy change 4.441e-16 , Iteration dutation: 0.006756782531738281
INFO 2021-03-04 08:58:18,476 Iteration: 41. Energy -0.624850130625324.  Energy change -1.690e-08 , Iteration dutation: 0.006736278533935547
INFO 2021-03-04 08:58:18,483 Iteration: 42. Energy -0.6248501137207597.  Energy change 1.690e-08 , Iteration dutation: 0.006714582443237305
INFO 2021-03-04 08:58:18,495 Iteration: 43. Energy -0.9468504891359084.  Energy change -3.220e-01 , Iteration dutation: 0.006739616394042969
INFO 2021-03-04 08:58:18,501 Iteration: 44. Energy -0.9468504891359081.  Energy change 3.331e-16 , Iteration dutation: 0.012411832809448242
INFO 2021-03-04 08:58:18,508 Iteration: 45. Energy -0.9468504891359081.  Energy change 0.000e+00 , Iteration dutation: 0.00634455680847168
INFO 2021-03-04 08:58:18,515 Iteration: 46. Energy -0.9468504891359082.  Energy change -1.110e-16 , Iteration dutation: 0.006796121597290039
INFO 2021-03-04 08:58:18,522 Iteration: 47. Energy -0.9468504891359082.  Energy change 0.000e+00 , Iteration dutation: 0.006863117218017578
INFO 2021-03-04 08:58:18,528 Iteration: 48. Energy -0.9468504891359083.  Energy change -1.110e-16 , Iteration dutation: 0.006740093231201172
INFO 2021-03-04 08:58:18,535 Iteration: 49. Energy -0.9468504891359083.  Energy change 0.000e+00 , Iteration dutation: 0.006682872772216797
INFO 2021-03-04 08:58:18,542 Iteration: 50. Energy -0.9468504891359083.  Energy change 0.000e+00 , Iteration dutation: 0.0067288875579833984
INFO 2021-03-04 08:58:18,549 Iteration: 51. Energy -0.9468504891359083.  Energy change 0.000e+00 , Iteration dutation: 0.0067615509033203125
INFO 2021-03-04 08:58:18,555 Iteration: 52. Energy -0.9468504891359082.  Energy change 1.110e-16 , Iteration dutation: 0.006693840026855469
INFO 2021-03-04 08:58:18,562 Iteration: 53. Energy -0.9468504891359082.  Energy change 0.000e+00 , Iteration dutation: 0.0067272186279296875
INFO 2021-03-04 08:58:18,569 Iteration: 54. Energy -0.9468504891359081.  Energy change 1.110e-16 , Iteration dutation: 0.006711483001708984
INFO 2021-03-04 08:58:18,576 Iteration: 55. Energy -0.9468504891359081.  Energy change 0.000e+00 , Iteration dutation: 0.0067179203033447266
INFO 2021-03-04 08:58:18,582 Iteration: 56. Energy -0.9468504900883724.  Energy change -9.525e-10 , Iteration dutation: 0.006715536117553711
INFO 2021-03-04 08:58:18,589 Iteration: 57. Energy -0.9468504881834431.  Energy change 1.905e-09 , Iteration dutation: 0.006690263748168945
INFO 2021-03-04 08:58:18,596 Iteration: 58. Energy -0.9468504900883727.  Energy change -1.905e-09 , Iteration dutation: 0.006689548492431641
INFO 2021-03-04 08:58:18,602 Iteration: 59. Energy -0.946850490088373.  Energy change -2.220e-16 , Iteration dutation: 0.006687164306640625
INFO 2021-03-04 08:58:18,609 Iteration: 60. Energy -0.9468504881834431.  Energy change 1.905e-09 , Iteration dutation: 0.006728410720825195
INFO 2021-03-04 08:58:18,616 Iteration: 61. Energy -0.9468504881834431.  Energy change 0.000e+00 , Iteration dutation: 0.0067064762115478516
INFO 2021-03-04 08:58:18,623 Iteration: 62. Energy -0.946850490088373.  Energy change -1.905e-09 , Iteration dutation: 0.006819009780883789
INFO 2021-03-04 08:58:18,629 Iteration: 63. Energy -0.9468504881834434.  Energy change 1.905e-09 , Iteration dutation: 0.006703615188598633
INFO 2021-03-04 08:58:18,644 Iteration: 64. Energy -0.9484971636211934.  Energy change -1.647e-03 , Iteration dutation: 0.0069921016693115234
INFO 2021-03-04 08:58:18,650 Iteration: 65. Energy -0.9484971636211948.  Energy change -1.443e-15 , Iteration dutation: 0.014204263687133789
INFO 2021-03-04 08:58:18,657 Iteration: 66. Energy -0.9484971636211948.  Energy change 0.000e+00 , Iteration dutation: 0.006330251693725586
INFO 2021-03-04 08:58:18,664 Iteration: 67. Energy -0.9484971636211931.  Energy change 1.776e-15 , Iteration dutation: 0.006726264953613281
INFO 2021-03-04 08:58:18,670 Iteration: 68. Energy -0.9484971636211931.  Energy change 0.000e+00 , Iteration dutation: 0.006797075271606445
INFO 2021-03-04 08:58:18,677 Iteration: 69. Energy -0.9484971636211935.  Energy change -4.441e-16 , Iteration dutation: 0.006791591644287109
INFO 2021-03-04 08:58:18,684 Iteration: 70. Energy -0.9484971636211935.  Energy change 0.000e+00 , Iteration dutation: 0.006776571273803711
INFO 2021-03-04 08:58:18,691 Iteration: 71. Energy -0.9484971636211935.  Energy change 0.000e+00 , Iteration dutation: 0.006735801696777344
INFO 2021-03-04 08:58:18,697 Iteration: 72. Energy -0.9484971636211935.  Energy change 0.000e+00 , Iteration dutation: 0.006712913513183594
INFO 2021-03-04 08:58:18,704 Iteration: 73. Energy -0.9484971636211931.  Energy change 4.441e-16 , Iteration dutation: 0.006711483001708984
INFO 2021-03-04 08:58:18,711 Iteration: 74. Energy -0.9484971636211931.  Energy change 0.000e+00 , Iteration dutation: 0.006712436676025391
INFO 2021-03-04 08:58:18,718 Iteration: 75. Energy -0.9484971636211945.  Energy change -1.443e-15 , Iteration dutation: 0.006792306900024414
INFO 2021-03-04 08:58:18,724 Iteration: 76. Energy -0.9484971636211945.  Energy change 0.000e+00 , Iteration dutation: 0.006814002990722656
INFO 2021-03-04 08:58:18,731 Iteration: 77. Energy -0.9484971633507501.  Energy change 2.704e-10 , Iteration dutation: 0.0067098140716552734
INFO 2021-03-04 08:58:18,738 Iteration: 78. Energy -0.9484971638916366.  Energy change -5.409e-10 , Iteration dutation: 0.006746768951416016
INFO 2021-03-04 08:58:18,745 Iteration: 79. Energy -0.94849716335075.  Energy change 5.409e-10 , Iteration dutation: 0.0067195892333984375
INFO 2021-03-04 08:58:18,751 Iteration: 80. Energy -0.9484971633507501.  Energy change -1.110e-16 , Iteration dutation: 0.006876468658447266
INFO 2021-03-04 08:58:18,758 Iteration: 81. Energy -0.948497163891637.  Energy change -5.409e-10 , Iteration dutation: 0.006733894348144531
INFO 2021-03-04 08:58:18,765 Iteration: 82. Energy -0.948497163891637.  Energy change 0.000e+00 , Iteration dutation: 0.0066738128662109375
INFO 2021-03-04 08:58:18,772 Iteration: 83. Energy -0.94849716335075.  Energy change 5.409e-10 , Iteration dutation: 0.006678342819213867
INFO 2021-03-04 08:58:18,778 Iteration: 84. Energy -0.9484971638916367.  Energy change -5.409e-10 , Iteration dutation: 0.0066640377044677734
INFO 2021-03-04 08:58:18,792 Iteration: 85. Energy -0.9486411118065737.  Energy change -1.439e-04 , Iteration dutation: 0.006804227828979492
INFO 2021-03-04 08:58:18,799 Iteration: 86. Energy -0.94864111180657.  Energy change 3.775e-15 , Iteration dutation: 0.014038562774658203
INFO 2021-03-04 08:58:18,805 Iteration: 87. Energy -0.94864111180657.  Energy change 0.000e+00 , Iteration dutation: 0.006301403045654297
INFO 2021-03-04 08:58:18,812 Iteration: 88. Energy -0.9486411118065737.  Energy change -3.775e-15 , Iteration dutation: 0.006727695465087891
INFO 2021-03-04 08:58:18,819 Iteration: 89. Energy -0.9486411118065737.  Energy change 0.000e+00 , Iteration dutation: 0.006804704666137695
INFO 2021-03-04 08:58:18,826 Iteration: 90. Energy -0.948641111806574.  Energy change -2.220e-16 , Iteration dutation: 0.00668787956237793
INFO 2021-03-04 08:58:18,832 Iteration: 91. Energy -0.948641111806574.  Energy change 0.000e+00 , Iteration dutation: 0.006728410720825195
INFO 2021-03-04 08:58:18,839 Iteration: 92. Energy -0.948641111806574.  Energy change 0.000e+00 , Iteration dutation: 0.006689548492431641
INFO 2021-03-04 08:58:18,846 Iteration: 93. Energy -0.948641111806574.  Energy change 0.000e+00 , Iteration dutation: 0.006728172302246094
INFO 2021-03-04 08:58:18,852 Iteration: 94. Energy -0.9486411118065737.  Energy change 2.220e-16 , Iteration dutation: 0.0067217350006103516
INFO 2021-03-04 08:58:18,859 Iteration: 95. Energy -0.9486411118065737.  Energy change 0.000e+00 , Iteration dutation: 0.006724357604980469
INFO 2021-03-04 08:58:18,866 Iteration: 96. Energy -0.948641111806572.  Energy change 1.776e-15 , Iteration dutation: 0.006749391555786133
INFO 2021-03-04 08:58:18,873 Iteration: 97. Energy -0.948641111806572.  Energy change 0.000e+00 , Iteration dutation: 0.0067043304443359375
INFO 2021-03-04 08:58:18,879 Iteration: 98. Energy -0.9486411118069787.  Energy change -4.068e-13 , Iteration dutation: 0.006706714630126953
INFO 2021-03-04 08:58:18,886 Iteration: 99. Energy -0.9486411118061687.  Energy change 8.100e-13 , Iteration dutation: 0.0068624019622802734
INFO 2021-03-04 08:58:18,893 Iteration: 100. Energy -0.9486411118069792.  Energy change -8.105e-13 , Iteration dutation: 0.0068514347076416016
INFO 2021-03-04 08:58:18,900 Iteration: 101. Energy -0.9486411118069792.  Energy change 0.000e+00 , Iteration dutation: 0.006713151931762695
INFO 2021-03-04 08:58:18,906 Iteration: 102. Energy -0.9486411118061687.  Energy change 8.105e-13 , Iteration dutation: 0.0067102909088134766
INFO 2021-03-04 08:58:18,913 Iteration: 103. Energy -0.9486411118061686.  Energy change 1.110e-16 , Iteration dutation: 0.0066907405853271484
INFO 2021-03-04 08:58:18,920 Iteration: 104. Energy -0.9486411118069794.  Energy change -8.108e-13 , Iteration dutation: 0.006818532943725586
INFO 2021-03-04 08:58:18,927 Iteration: 105. Energy -0.9486411118061687.  Energy change 8.107e-13 , Iteration dutation: 0.006701469421386719
INFO 2021-03-04 08:58:18,941 Iteration: 106. Energy -0.9486411121294223.  Energy change -3.233e-10 , Iteration dutation: 0.00679326057434082
INFO 2021-03-04 08:58:18,947 Iteration: 107. Energy -0.9486411121294368.  Energy change -1.454e-14 , Iteration dutation: 0.014018774032592773
INFO 2021-03-04 08:58:18,954 Iteration: 108. Energy -0.9486411121294368.  Energy change 0.000e+00 , Iteration dutation: 0.006362199783325195
INFO 2021-03-04 08:58:18,961 Iteration: 109. Energy -0.9486411121294221.  Energy change 1.465e-14 , Iteration dutation: 0.0067789554595947266
INFO 2021-03-04 08:58:18,967 Iteration: 110. Energy -0.9486411121294221.  Energy change 0.000e+00 , Iteration dutation: 0.00674748420715332
INFO 2021-03-04 08:58:18,974 Iteration: 111. Energy -0.9486411121294225.  Energy change -3.331e-16 , Iteration dutation: 0.0066986083984375
INFO 2021-03-04 08:58:18,981 Iteration: 112. Energy -0.9486411121294225.  Energy change 0.000e+00 , Iteration dutation: 0.006699800491333008
INFO 2021-03-04 08:58:18,988 Iteration: 113. Energy -0.9486411121294225.  Energy change 0.000e+00 , Iteration dutation: 0.00676274299621582
INFO 2021-03-04 08:58:18,994 Iteration: 114. Energy -0.9486411121294225.  Energy change 0.000e+00 , Iteration dutation: 0.006745338439941406
INFO 2021-03-04 08:58:19,001 Iteration: 115. Energy -0.9486411121294221.  Energy change 3.331e-16 , Iteration dutation: 0.006708383560180664
INFO 2021-03-04 08:58:19,008 Iteration: 116. Energy -0.9486411121294221.  Energy change 0.000e+00 , Iteration dutation: 0.006737709045410156
INFO 2021-03-04 08:58:19,014 Iteration: 117. Energy -0.948641112129427.  Energy change -4.885e-15 , Iteration dutation: 0.006700277328491211
INFO 2021-03-04 08:58:19,021 Iteration: 118. Energy -0.948641112129427.  Energy change 0.000e+00 , Iteration dutation: 0.006696224212646484
INFO 2021-03-04 08:58:19,028 Iteration: 119. Energy -0.9486411121294218.  Energy change 5.218e-15 , Iteration dutation: 0.0067403316497802734
INFO 2021-03-04 08:58:19,035 Iteration: 120. Energy -0.9486411121294225.  Energy change -6.661e-16 , Iteration dutation: 0.0067291259765625
INFO 2021-03-04 08:58:19,041 Iteration: 121. Energy -0.9486411121294219.  Energy change 5.551e-16 , Iteration dutation: 0.0067064762115478516
INFO 2021-03-04 08:58:19,048 Iteration: 122. Energy -0.9486411121294218.  Energy change 1.110e-16 , Iteration dutation: 0.006781816482543945
INFO 2021-03-04 08:58:19,055 Iteration: 123. Energy -0.9486411121294225.  Energy change -6.661e-16 , Iteration dutation: 0.0067327022552490234
INFO 2021-03-04 08:58:19,062 Iteration: 124. Energy -0.9486411121294223.  Energy change 2.220e-16 , Iteration dutation: 0.006688833236694336
INFO 2021-03-04 08:58:19,068 Iteration: 125. Energy -0.9486411121294221.  Energy change 1.110e-16 , Iteration dutation: 0.0067043304443359375
INFO 2021-03-04 08:58:19,075 Iteration: 126. Energy -0.9486411121294223.  Energy change -1.110e-16 , Iteration dutation: 0.006702423095703125
INFO 2021-03-04 08:58:19,090 Iteration: 127. Energy -0.9486411121265631.  Energy change 2.859e-12 , Iteration dutation: 0.00679779052734375
INFO 2021-03-04 08:58:19,096 Iteration: 128. Energy -0.9486411121265071.  Energy change 5.596e-14 , Iteration dutation: 0.015082359313964844
INFO 2021-03-04 08:58:19,103 Iteration: 129. Energy -0.9486411121265071.  Energy change 0.000e+00 , Iteration dutation: 0.0063173770904541016
INFO 2021-03-04 08:58:19,110 Iteration: 130. Energy -0.9486411121265629.  Energy change -5.573e-14 , Iteration dutation: 0.006752490997314453
INFO 2021-03-04 08:58:19,117 Iteration: 131. Energy -0.9486411121265629.  Energy change 0.000e+00 , Iteration dutation: 0.006747245788574219
INFO 2021-03-04 08:58:19,123 Iteration: 132. Energy -0.9486411121265624.  Energy change 4.441e-16 , Iteration dutation: 0.006837606430053711
INFO 2021-03-04 08:58:19,130 Iteration: 133. Energy -0.9486411121265624.  Energy change 0.000e+00 , Iteration dutation: 0.006691694259643555
INFO 2021-03-04 08:58:19,137 Iteration: 134. Energy -0.9486411121265624.  Energy change 0.000e+00 , Iteration dutation: 0.006882429122924805
INFO 2021-03-04 08:58:19,144 Iteration: 135. Energy -0.9486411121265624.  Energy change 0.000e+00 , Iteration dutation: 0.006759166717529297
INFO 2021-03-04 08:58:19,151 Iteration: 136. Energy -0.9486411121265629.  Energy change -4.441e-16 , Iteration dutation: 0.0068399906158447266
INFO 2021-03-04 08:58:19,157 Iteration: 137. Energy -0.9486411121265629.  Energy change 0.000e+00 , Iteration dutation: 0.006700754165649414
INFO 2021-03-04 08:58:19,164 Iteration: 138. Energy -0.9486411121265496.  Energy change 1.332e-14 , Iteration dutation: 0.006721973419189453
INFO 2021-03-04 08:58:19,171 Iteration: 139. Energy -0.9486411121265496.  Energy change 0.000e+00 , Iteration dutation: 0.006836891174316406
INFO 2021-03-04 08:58:19,178 Iteration: 140. Energy -0.9486411121265615.  Energy change -1.199e-14 , Iteration dutation: 0.0067827701568603516
INFO 2021-03-04 08:58:19,184 Iteration: 141. Energy -0.9486411121265637.  Energy change -2.109e-15 , Iteration dutation: 0.006699085235595703
INFO 2021-03-04 08:58:19,191 Iteration: 142. Energy -0.9486411121265618.  Energy change 1.887e-15 , Iteration dutation: 0.006685495376586914
INFO 2021-03-04 08:58:19,198 Iteration: 143. Energy -0.948641112126562.  Energy change -2.220e-16 , Iteration dutation: 0.006724834442138672
INFO 2021-03-04 08:58:19,204 Iteration: 144. Energy -0.9486411121265639.  Energy change -1.887e-15 , Iteration dutation: 0.006691455841064453
INFO 2021-03-04 08:58:19,211 Iteration: 145. Energy -0.948641112126564.  Energy change -1.110e-16 , Iteration dutation: 0.006698131561279297
INFO 2021-03-04 08:58:19,218 Iteration: 146. Energy -0.9486411121265615.  Energy change 2.442e-15 , Iteration dutation: 0.006800413131713867
INFO 2021-03-04 08:58:19,225 Iteration: 147. Energy -0.9486411121265641.  Energy change -2.554e-15 , Iteration dutation: 0.006979465484619141
INFO 2021-03-04 08:58:19,239 Iteration: 148. Energy -0.9486411121296479.  Energy change -3.084e-12 , Iteration dutation: 0.006783246994018555
INFO 2021-03-04 08:58:19,245 Iteration: 149. Energy -0.9486411121296474.  Energy change 4.441e-16 , Iteration dutation: 0.013926982879638672
INFO 2021-03-04 08:58:19,252 Iteration: 150. Energy -0.9486411121296474.  Energy change 0.000e+00 , Iteration dutation: 0.006266117095947266
INFO 2021-03-04 08:58:19,259 Iteration: 151. Energy -0.9486411121296479.  Energy change -4.441e-16 , Iteration dutation: 0.006772279739379883
INFO 2021-03-04 08:58:19,265 Iteration: 152. Energy -0.9486411121296479.  Energy change 0.000e+00 , Iteration dutation: 0.006705522537231445
INFO 2021-03-04 08:58:19,272 Iteration: 153. Energy -0.9486411121296479.  Energy change 0.000e+00 , Iteration dutation: 0.0066623687744140625
INFO 2021-03-04 08:58:19,279 Iteration: 154. Energy -0.9486411121296479.  Energy change 0.000e+00 , Iteration dutation: 0.006701946258544922
INFO 2021-03-04 08:58:19,286 Iteration: 155. Energy -0.9486411121296479.  Energy change 0.000e+00 , Iteration dutation: 0.0066869258880615234
INFO 2021-03-04 08:58:19,292 Iteration: 156. Energy -0.9486411121296479.  Energy change 0.000e+00 , Iteration dutation: 0.006766557693481445
INFO 2021-03-04 08:58:19,299 Iteration: 157. Energy -0.9486411121296479.  Energy change 0.000e+00 , Iteration dutation: 0.0066852569580078125
INFO 2021-03-04 08:58:19,306 Iteration: 158. Energy -0.9486411121296479.  Energy change 0.000e+00 , Iteration dutation: 0.006727457046508789
INFO 2021-03-04 08:58:19,312 Iteration: 159. Energy -0.9486411121296485.  Energy change -6.661e-16 , Iteration dutation: 0.006680011749267578
INFO 2021-03-04 08:58:19,319 Iteration: 160. Energy -0.9486411121296485.  Energy change 0.000e+00 , Iteration dutation: 0.0066797733306884766
INFO 2021-03-04 08:58:19,326 Iteration: 161. Energy -0.9486411121296477.  Energy change 7.772e-16 , Iteration dutation: 0.006772279739379883
INFO 2021-03-04 08:58:19,333 Iteration: 162. Energy -0.9486411121296479.  Energy change -1.110e-16 , Iteration dutation: 0.0070040225982666016
INFO 2021-03-04 08:58:19,340 Iteration: 163. Energy -0.9486411121296477.  Energy change 1.110e-16 , Iteration dutation: 0.006901979446411133
INFO 2021-03-04 08:58:19,346 Iteration: 164. Energy -0.9486411121296474.  Energy change 3.331e-16 , Iteration dutation: 0.006701231002807617
INFO 2021-03-04 08:58:19,353 Iteration: 165. Energy -0.9486411121296479.  Energy change -4.441e-16 , Iteration dutation: 0.006705045700073242
INFO 2021-03-04 08:58:19,360 Iteration: 166. Energy -0.9486411121296483.  Energy change -4.441e-16 , Iteration dutation: 0.006776571273803711
INFO 2021-03-04 08:58:19,367 Iteration: 167. Energy -0.9486411121296479.  Energy change 4.441e-16 , Iteration dutation: 0.006737709045410156
INFO 2021-03-04 08:58:19,373 Iteration: 168. Energy -0.9486411121296485.  Energy change -6.661e-16 , Iteration dutation: 0.006705522537231445
CRITICAL 2021-03-04 08:58:19,373       fun: -0.9486411121296479
 hess_inv: array([[ 9.99237851e-01, -7.62149368e-04,  2.89902640e-06,
         2.89902640e-06,  1.65870637e-05,  1.65870637e-05,
         1.65870637e-05,  1.65870637e-05,  2.89902640e-06,
         2.89902640e-06, -3.04368028e-04, -3.04368028e-04,
         4.46084311e-03, -4.45503071e-03,  4.50274094e-03,
         4.50565643e-03, -4.45501958e-03, -4.46040079e-03,
         4.51932586e-03, -4.44920396e-03],
       [-7.62149368e-04,  9.99237851e-01,  2.89902640e-06,
         2.89902640e-06,  1.65870637e-05,  1.65870637e-05,
         1.65870637e-05,  1.65870637e-05,  2.89902640e-06,
         2.89902640e-06, -3.04368028e-04, -3.04368028e-04,
         4.46084311e-03, -4.45503071e-03,  4.50274094e-03,
         4.50565643e-03, -4.45501958e-03, -4.46040079e-03,
         4.51932586e-03, -4.44920396e-03],
       [ 2.89902640e-06,  2.89902640e-06,  1.00000000e+00,
         1.79326450e-10, -1.71446550e-07, -1.71446550e-07,
        -1.71446550e-07, -1.71446550e-07,  1.79326450e-10,
         1.79326450e-10,  1.36581252e-06,  1.36581252e-06,
        -3.40656348e-05,  3.40658837e-05, -3.44081941e-05,
        -3.44081410e-05,  3.40657986e-05,  3.41515993e-05,
        -3.45796243e-05,  3.40660225e-05],
       [ 2.89902640e-06,  2.89902640e-06,  1.79326450e-10,
         1.00000000e+00, -1.71446550e-07, -1.71446550e-07,
        -1.71446550e-07, -1.71446550e-07,  1.79326450e-10,
         1.79326450e-10,  1.36581252e-06,  1.36581252e-06,
        -3.40656348e-05,  3.40658837e-05, -3.44081941e-05,
        -3.44081410e-05,  3.40657986e-05,  3.41515993e-05,
        -3.45796243e-05,  3.40660225e-05],
       [ 1.65870637e-05,  1.65870637e-05, -1.71446550e-07,
        -1.71446550e-07,  1.00000069e+00,  6.86668464e-07,
         6.86668464e-07,  6.86668464e-07, -1.71446550e-07,
        -1.71446550e-07,  4.61228824e-06,  4.61228824e-06,
         6.79060441e-05, -6.82487150e-05,  6.87654521e-05,
         6.85942596e-05, -6.82485432e-05, -6.87631185e-05,
         6.94520873e-05, -6.85911652e-05],
       [ 1.65870637e-05,  1.65870637e-05, -1.71446550e-07,
        -1.71446550e-07,  6.86668464e-07,  1.00000069e+00,
         6.86668464e-07,  6.86668464e-07, -1.71446550e-07,
        -1.71446550e-07,  4.61228824e-06,  4.61228824e-06,
         6.79060441e-05, -6.82487150e-05,  6.87654521e-05,
         6.85942596e-05, -6.82485432e-05, -6.87631185e-05,
         6.94520873e-05, -6.85911652e-05],
       [ 1.65870637e-05,  1.65870637e-05, -1.71446550e-07,
        -1.71446550e-07,  6.86668464e-07,  6.86668464e-07,
         1.00000069e+00,  6.86668464e-07, -1.71446550e-07,
        -1.71446550e-07,  4.61228824e-06,  4.61228824e-06,
         6.79060441e-05, -6.82487150e-05,  6.87654521e-05,
         6.85942596e-05, -6.82485432e-05, -6.87631185e-05,
         6.94520873e-05, -6.85911652e-05],
       [ 1.65870637e-05,  1.65870637e-05, -1.71446550e-07,
        -1.71446550e-07,  6.86668464e-07,  6.86668464e-07,
         6.86668464e-07,  1.00000069e+00, -1.71446550e-07,
        -1.71446550e-07,  4.61228824e-06,  4.61228824e-06,
         6.79060441e-05, -6.82487150e-05,  6.87654521e-05,
         6.85942596e-05, -6.82485432e-05, -6.87631185e-05,
         6.94520873e-05, -6.85911652e-05],
       [ 2.89902640e-06,  2.89902640e-06,  1.79326450e-10,
         1.79326450e-10, -1.71446550e-07, -1.71446550e-07,
        -1.71446550e-07, -1.71446550e-07,  1.00000000e+00,
         1.79326450e-10,  1.36581252e-06,  1.36581252e-06,
        -3.40656348e-05,  3.40658837e-05, -3.44081941e-05,
        -3.44081410e-05,  3.40657986e-05,  3.41515993e-05,
        -3.45796243e-05,  3.40660225e-05],
       [ 2.89902640e-06,  2.89902640e-06,  1.79326450e-10,
         1.79326450e-10, -1.71446550e-07, -1.71446550e-07,
        -1.71446550e-07, -1.71446550e-07,  1.79326450e-10,
         1.00000000e+00,  1.36581252e-06,  1.36581252e-06,
        -3.40656348e-05,  3.40658837e-05, -3.44081941e-05,
        -3.44081410e-05,  3.40657986e-05,  3.41515993e-05,
        -3.45796243e-05,  3.40660225e-05],
       [-3.04368028e-04, -3.04368028e-04,  1.36581252e-06,
         1.36581252e-06,  4.61228824e-06,  4.61228824e-06,
         4.61228824e-06,  4.61228824e-06,  1.36581252e-06,
         1.36581252e-06,  9.99882313e-01, -1.17687492e-04,
         1.46470490e-03, -1.46196857e-03,  1.47803564e-03,
         1.47940685e-03, -1.46196492e-03, -1.46290089e-03,
         1.48264723e-03, -1.45922753e-03],
       [-3.04368028e-04, -3.04368028e-04,  1.36581252e-06,
         1.36581252e-06,  4.61228824e-06,  4.61228824e-06,
         4.61228824e-06,  4.61228824e-06,  1.36581252e-06,
         1.36581252e-06, -1.17687492e-04,  9.99882313e-01,
         1.46470490e-03, -1.46196857e-03,  1.47803564e-03,
         1.47940685e-03, -1.46196492e-03, -1.46290089e-03,
         1.48264723e-03, -1.45922753e-03],
       [ 4.46084311e-03,  4.46084311e-03, -3.40656348e-05,
        -3.40656348e-05,  6.79060441e-05,  6.79060441e-05,
         6.79060441e-05,  6.79060441e-05, -3.40656348e-05,
        -3.40656348e-05,  1.46470490e-03,  1.46470490e-03,
         8.88568090e-01,  1.11363822e-01, -1.11398213e-01,
        -1.11432229e-01,  1.11363856e-01,  1.11295878e-01,
        -1.11330314e-01,  1.11295779e-01],
       [-4.45503071e-03, -4.45503071e-03,  3.40658837e-05,
         3.40658837e-05, -6.82487150e-05, -6.82487150e-05,
        -6.82487150e-05, -6.82487150e-05,  3.40658837e-05,
         3.40658837e-05, -1.46196857e-03, -1.46196857e-03,
         1.11363822e-01,  8.88704265e-01,  1.11329441e-01,
         1.11363456e-01, -1.11295769e-01, -1.11227619e-01,
         1.11261199e-01, -1.11227691e-01],
       [ 4.50274094e-03,  4.50274094e-03, -3.44081941e-05,
        -3.44081941e-05,  6.87654521e-05,  6.87654521e-05,
         6.87654521e-05,  6.87654521e-05, -3.44081941e-05,
        -3.44081941e-05,  1.47803564e-03,  1.47803564e-03,
        -1.11398213e-01,  1.11329441e-01,  8.88636174e-01,
        -1.11398184e-01,  1.11329475e-01,  1.11260725e-01,
        -1.11295067e-01,  1.11260712e-01],
       [ 4.50565643e-03,  4.50565643e-03, -3.44081410e-05,
        -3.44081410e-05,  6.85942596e-05,  6.85942596e-05,
         6.85942596e-05,  6.85942596e-05, -3.44081410e-05,
        -3.44081410e-05,  1.47940685e-03,  1.47940685e-03,
        -1.11432229e-01,  1.11363456e-01, -1.11398184e-01,
         8.88567459e-01,  1.11363490e-01,  1.11294826e-01,
        -1.11329596e-01,  1.11294728e-01],
       [-4.45501958e-03, -4.45501958e-03,  3.40657986e-05,
         3.40657986e-05, -6.82485432e-05, -6.82485432e-05,
        -6.82485432e-05, -6.82485432e-05,  3.40657986e-05,
         3.40657986e-05, -1.46196492e-03, -1.46196492e-03,
         1.11363856e-01, -1.11295769e-01,  1.11329475e-01,
         1.11363490e-01,  8.88704197e-01, -1.11227654e-01,
         1.11261233e-01, -1.11227725e-01],
       [-4.46040079e-03, -4.46040079e-03,  3.41515993e-05,
         3.41515993e-05, -6.87631185e-05, -6.87631185e-05,
        -6.87631185e-05, -6.87631185e-05,  3.41515993e-05,
         3.41515993e-05, -1.46290089e-03, -1.46290089e-03,
         1.11295878e-01, -1.11227619e-01,  1.11260725e-01,
         1.11294826e-01, -1.11227654e-01,  8.88840839e-01,
         1.11191968e-01, -1.11159405e-01],
       [ 4.51932586e-03,  4.51932586e-03, -3.45796243e-05,
        -3.45796243e-05,  6.94520873e-05,  6.94520873e-05,
         6.94520873e-05,  6.94520873e-05, -3.45796243e-05,
        -3.45796243e-05,  1.48264723e-03,  1.48264723e-03,
        -1.11330314e-01,  1.11261199e-01, -1.11295067e-01,
        -1.11329596e-01,  1.11261233e-01,  1.11191968e-01,
         8.88774379e-01,  1.11192128e-01],
       [-4.44920396e-03, -4.44920396e-03,  3.40660225e-05,
         3.40660225e-05, -6.85911652e-05, -6.85911652e-05,
        -6.85911652e-05, -6.85911652e-05,  3.40660225e-05,
         3.40660225e-05, -1.45922753e-03, -1.45922753e-03,
         1.11295779e-01, -1.11227691e-01,  1.11260712e-01,
         1.11294728e-01, -1.11227725e-01, -1.11159405e-01,
         1.11192128e-01,  8.88840353e-01]])
      jac: array([ 2.98023224e-08,  2.98023224e-08,  0.00000000e+00,  0.00000000e+00,
        0.00000000e+00,  0.00000000e+00,  0.00000000e+00,  0.00000000e+00,
        0.00000000e+00,  0.00000000e+00, -4.47034836e-08, -4.47034836e-08,
        7.45058060e-09,  0.00000000e+00,  7.45058060e-09,  2.98023224e-08,
        0.00000000e+00, -2.98023224e-08,  0.00000000e+00, -4.47034836e-08])
  message: 'Optimization terminated successfully.'
  n_iters: 169
     nfev: 168
      nit: 5
     njev: 8
   status: 0
  success: True
        x: array([ 4.76986805e-09,  4.76986805e-09, -3.57384967e-08, -3.57384967e-08,
        1.56001593e-08,  1.56001593e-08,  1.56001593e-08,  1.56001593e-08,
       -3.57384967e-08, -3.57384967e-08, -1.80480160e-08, -1.80480160e-08,
        7.08212191e-02, -7.08213277e-02,  7.08212695e-02,  7.08212902e-02,
       -7.08213103e-02, -7.08213209e-02,  7.08213041e-02, -7.08213003e-02])
