INFO 2021-03-04 09:26:48,982 Calculating excitation generators
INFO 2021-03-04 09:26:52,450 -----Running VQE for: H2-----
-----Number of electrons: 2-----
-----Number of orbitals: 4-----
-----Numeber of ansatz elements: 20-----
-----Statevector and energy calculated using <class 'src.backends.MatrixCacheBackend'>------
-----Optimizer BFGS------

INFO 2021-03-04 09:26:52,488 Iteration: 1. Energy -0.7837926540830403.  Energy change 3.331e-16 , Iteration dutation: 0.0004570484161376953
INFO 2021-03-04 09:26:52,496 Iteration: 2. Energy -0.78379265408304.  Energy change 3.331e-16 , Iteration dutation: 0.03769278526306152
INFO 2021-03-04 09:26:52,502 Iteration: 3. Energy -0.78379265408304.  Energy change 0.000e+00 , Iteration dutation: 0.0077972412109375
INFO 2021-03-04 09:26:52,509 Iteration: 4. Energy -0.7837926540830402.  Energy change -2.220e-16 , Iteration dutation: 0.006695747375488281
INFO 2021-03-04 09:26:52,516 Iteration: 5. Energy -0.7837926540830402.  Energy change 0.000e+00 , Iteration dutation: 0.006738901138305664
INFO 2021-03-04 09:26:52,523 Iteration: 6. Energy -0.7837926540830403.  Energy change -1.110e-16 , Iteration dutation: 0.006702423095703125
INFO 2021-03-04 09:26:52,529 Iteration: 7. Energy -0.7837926540830403.  Energy change 0.000e+00 , Iteration dutation: 0.006700992584228516
INFO 2021-03-04 09:26:52,536 Iteration: 8. Energy -0.7837926540830403.  Energy change 0.000e+00 , Iteration dutation: 0.006663322448730469
INFO 2021-03-04 09:26:52,543 Iteration: 9. Energy -0.7837926540830403.  Energy change 0.000e+00 , Iteration dutation: 0.006686210632324219
INFO 2021-03-04 09:26:52,549 Iteration: 10. Energy -0.7837926540830402.  Energy change 1.110e-16 , Iteration dutation: 0.0068013668060302734
INFO 2021-03-04 09:26:52,556 Iteration: 11. Energy -0.7837926540830402.  Energy change 0.000e+00 , Iteration dutation: 0.006649494171142578
INFO 2021-03-04 09:26:52,563 Iteration: 12. Energy -0.7837926540830401.  Energy change 1.110e-16 , Iteration dutation: 0.006675243377685547
INFO 2021-03-04 09:26:52,569 Iteration: 13. Energy -0.7837926540830401.  Energy change 0.000e+00 , Iteration dutation: 0.006661415100097656
INFO 2021-03-04 09:26:52,576 Iteration: 14. Energy -0.7837926618059685.  Energy change -7.723e-09 , Iteration dutation: 0.006643772125244141
INFO 2021-03-04 09:26:52,583 Iteration: 15. Energy -0.7837926463601119.  Energy change 1.545e-08 , Iteration dutation: 0.00666499137878418
INFO 2021-03-04 09:26:52,589 Iteration: 16. Energy -0.7837926618059685.  Energy change -1.545e-08 , Iteration dutation: 0.006693363189697266
INFO 2021-03-04 09:26:52,596 Iteration: 17. Energy -0.7837926618059685.  Energy change 0.000e+00 , Iteration dutation: 0.00665593147277832
INFO 2021-03-04 09:26:52,603 Iteration: 18. Energy -0.7837926463601119.  Energy change 1.545e-08 , Iteration dutation: 0.006651163101196289
INFO 2021-03-04 09:26:52,609 Iteration: 19. Energy -0.7837926463601119.  Energy change 0.000e+00 , Iteration dutation: 0.006701946258544922
INFO 2021-03-04 09:26:52,616 Iteration: 20. Energy -0.7837926618059685.  Energy change -1.545e-08 , Iteration dutation: 0.00669097900390625
INFO 2021-03-04 09:26:52,623 Iteration: 21. Energy -0.7837926463601119.  Energy change 1.545e-08 , Iteration dutation: 0.006679058074951172
INFO 2021-03-04 09:26:52,635 Iteration: 22. Energy -0.6248501221730419.  Energy change 1.589e-01 , Iteration dutation: 0.006769418716430664
INFO 2021-03-04 09:26:52,641 Iteration: 23. Energy -0.6248501221730423.  Energy change -3.331e-16 , Iteration dutation: 0.012346744537353516
INFO 2021-03-04 09:26:52,648 Iteration: 24. Energy -0.6248501221730423.  Energy change 0.000e+00 , Iteration dutation: 0.006235837936401367
INFO 2021-03-04 09:26:52,655 Iteration: 25. Energy -0.6248501221730421.  Energy change 1.110e-16 , Iteration dutation: 0.006679058074951172
INFO 2021-03-04 09:26:52,661 Iteration: 26. Energy -0.6248501221730421.  Energy change 0.000e+00 , Iteration dutation: 0.006654262542724609
INFO 2021-03-04 09:26:52,668 Iteration: 27. Energy -0.6248501221730415.  Energy change 6.661e-16 , Iteration dutation: 0.006669044494628906
INFO 2021-03-04 09:26:52,675 Iteration: 28. Energy -0.6248501221730415.  Energy change 0.000e+00 , Iteration dutation: 0.006707906723022461
INFO 2021-03-04 09:26:52,682 Iteration: 29. Energy -0.6248501221730415.  Energy change 0.000e+00 , Iteration dutation: 0.006677150726318359
INFO 2021-03-04 09:26:52,688 Iteration: 30. Energy -0.6248501221730415.  Energy change 0.000e+00 , Iteration dutation: 0.006689786911010742
INFO 2021-03-04 09:26:52,695 Iteration: 31. Energy -0.6248501221730421.  Energy change -6.661e-16 , Iteration dutation: 0.006697416305541992
INFO 2021-03-04 09:26:52,702 Iteration: 32. Energy -0.6248501221730421.  Energy change 0.000e+00 , Iteration dutation: 0.0067059993743896484
INFO 2021-03-04 09:26:52,708 Iteration: 33. Energy -0.6248501221730415.  Energy change 6.661e-16 , Iteration dutation: 0.00669407844543457
INFO 2021-03-04 09:26:52,715 Iteration: 34. Energy -0.6248501221730415.  Energy change 0.000e+00 , Iteration dutation: 0.006770610809326172
INFO 2021-03-04 09:26:52,722 Iteration: 35. Energy -0.6248501306253237.  Energy change -8.452e-09 , Iteration dutation: 0.006924152374267578
INFO 2021-03-04 09:26:52,729 Iteration: 36. Energy -0.6248501137207593.  Energy change 1.690e-08 , Iteration dutation: 0.006699085235595703
INFO 2021-03-04 09:26:52,735 Iteration: 37. Energy -0.6248501306253237.  Energy change -1.690e-08 , Iteration dutation: 0.0066640377044677734
INFO 2021-03-04 09:26:52,742 Iteration: 38. Energy -0.6248501306253235.  Energy change 2.220e-16 , Iteration dutation: 0.0067484378814697266
INFO 2021-03-04 09:26:52,754 Iteration: 39. Energy -0.6248501137207597.  Energy change 1.690e-08 , Iteration dutation: 0.006661415100097656
INFO 2021-03-04 09:26:52,766 Iteration: 40. Energy -0.6248501137207593.  Energy change 4.441e-16 , Iteration dutation: 0.012159109115600586
INFO 2021-03-04 09:26:52,778 Iteration: 41. Energy -0.624850130625324.  Energy change -1.690e-08 , Iteration dutation: 0.012154102325439453
INFO 2021-03-04 09:26:52,791 Iteration: 42. Energy -0.6248501137207597.  Energy change 1.690e-08 , Iteration dutation: 0.012046098709106445
INFO 2021-03-04 09:26:52,813 Iteration: 43. Energy -0.9468504891359084.  Energy change -3.220e-01 , Iteration dutation: 0.012074708938598633
INFO 2021-03-04 09:26:52,824 Iteration: 44. Energy -0.9468504891359081.  Energy change 3.331e-16 , Iteration dutation: 0.022164344787597656
INFO 2021-03-04 09:26:52,836 Iteration: 45. Energy -0.9468504891359081.  Energy change 0.000e+00 , Iteration dutation: 0.011280298233032227
INFO 2021-03-04 09:26:52,848 Iteration: 46. Energy -0.9468504891359082.  Energy change -1.110e-16 , Iteration dutation: 0.012012481689453125
INFO 2021-03-04 09:26:52,860 Iteration: 47. Energy -0.9468504891359082.  Energy change 0.000e+00 , Iteration dutation: 0.012105941772460938
INFO 2021-03-04 09:26:52,872 Iteration: 48. Energy -0.9468504891359083.  Energy change -1.110e-16 , Iteration dutation: 0.012090206146240234
INFO 2021-03-04 09:26:52,884 Iteration: 49. Energy -0.9468504891359083.  Energy change 0.000e+00 , Iteration dutation: 0.012042522430419922
INFO 2021-03-04 09:26:52,896 Iteration: 50. Energy -0.9468504891359083.  Energy change 0.000e+00 , Iteration dutation: 0.01202702522277832
INFO 2021-03-04 09:26:52,909 Iteration: 51. Energy -0.9468504891359083.  Energy change 0.000e+00 , Iteration dutation: 0.012201786041259766
INFO 2021-03-04 09:26:52,921 Iteration: 52. Energy -0.9468504891359082.  Energy change 1.110e-16 , Iteration dutation: 0.012026786804199219
INFO 2021-03-04 09:26:52,933 Iteration: 53. Energy -0.9468504891359082.  Energy change 0.000e+00 , Iteration dutation: 0.012157440185546875
INFO 2021-03-04 09:26:52,945 Iteration: 54. Energy -0.9468504891359081.  Energy change 1.110e-16 , Iteration dutation: 0.012029409408569336
INFO 2021-03-04 09:26:52,957 Iteration: 55. Energy -0.9468504891359081.  Energy change 0.000e+00 , Iteration dutation: 0.012083053588867188
INFO 2021-03-04 09:26:52,969 Iteration: 56. Energy -0.9468504900883724.  Energy change -9.525e-10 , Iteration dutation: 0.012001514434814453
INFO 2021-03-04 09:26:52,981 Iteration: 57. Energy -0.9468504881834431.  Energy change 1.905e-09 , Iteration dutation: 0.012221574783325195
INFO 2021-03-04 09:26:52,994 Iteration: 58. Energy -0.9468504900883727.  Energy change -1.905e-09 , Iteration dutation: 0.012130260467529297
INFO 2021-03-04 09:26:53,006 Iteration: 59. Energy -0.946850490088373.  Energy change -2.220e-16 , Iteration dutation: 0.012456417083740234
INFO 2021-03-04 09:26:53,018 Iteration: 60. Energy -0.9468504881834431.  Energy change 1.905e-09 , Iteration dutation: 0.012082576751708984
INFO 2021-03-04 09:26:53,030 Iteration: 61. Energy -0.9468504881834431.  Energy change 0.000e+00 , Iteration dutation: 0.012090921401977539
INFO 2021-03-04 09:26:53,037 Iteration: 62. Energy -0.946850490088373.  Energy change -1.905e-09 , Iteration dutation: 0.01212453842163086
INFO 2021-03-04 09:26:53,043 Iteration: 63. Energy -0.9468504881834434.  Energy change 1.905e-09 , Iteration dutation: 0.00662541389465332
INFO 2021-03-04 09:26:53,057 Iteration: 64. Energy -0.9484971636211934.  Energy change -1.647e-03 , Iteration dutation: 0.00677180290222168
INFO 2021-03-04 09:26:53,063 Iteration: 65. Energy -0.9484971636211948.  Energy change -1.443e-15 , Iteration dutation: 0.013762235641479492
INFO 2021-03-04 09:26:53,070 Iteration: 66. Energy -0.9484971636211948.  Energy change 0.000e+00 , Iteration dutation: 0.006237506866455078
INFO 2021-03-04 09:26:53,077 Iteration: 67. Energy -0.9484971636211931.  Energy change 1.776e-15 , Iteration dutation: 0.006639003753662109
INFO 2021-03-04 09:26:53,083 Iteration: 68. Energy -0.9484971636211931.  Energy change 0.000e+00 , Iteration dutation: 0.0066509246826171875
INFO 2021-03-04 09:26:53,090 Iteration: 69. Energy -0.9484971636211935.  Energy change -4.441e-16 , Iteration dutation: 0.0066509246826171875
INFO 2021-03-04 09:26:53,097 Iteration: 70. Energy -0.9484971636211935.  Energy change 0.000e+00 , Iteration dutation: 0.006648540496826172
INFO 2021-03-04 09:26:53,103 Iteration: 71. Energy -0.9484971636211935.  Energy change 0.000e+00 , Iteration dutation: 0.006696224212646484
INFO 2021-03-04 09:26:53,110 Iteration: 72. Energy -0.9484971636211935.  Energy change 0.000e+00 , Iteration dutation: 0.0066144466400146484
INFO 2021-03-04 09:26:53,116 Iteration: 73. Energy -0.9484971636211931.  Energy change 4.441e-16 , Iteration dutation: 0.006635189056396484
INFO 2021-03-04 09:26:53,123 Iteration: 74. Energy -0.9484971636211931.  Energy change 0.000e+00 , Iteration dutation: 0.0066530704498291016
INFO 2021-03-04 09:26:53,130 Iteration: 75. Energy -0.9484971636211945.  Energy change -1.443e-15 , Iteration dutation: 0.006674528121948242
INFO 2021-03-04 09:26:53,136 Iteration: 76. Energy -0.9484971636211945.  Energy change 0.000e+00 , Iteration dutation: 0.0066776275634765625
INFO 2021-03-04 09:26:53,143 Iteration: 77. Energy -0.9484971633507501.  Energy change 2.704e-10 , Iteration dutation: 0.0066585540771484375
INFO 2021-03-04 09:26:53,150 Iteration: 78. Energy -0.9484971638916366.  Energy change -5.409e-10 , Iteration dutation: 0.006655454635620117
INFO 2021-03-04 09:26:53,156 Iteration: 79. Energy -0.94849716335075.  Energy change 5.409e-10 , Iteration dutation: 0.006643056869506836
INFO 2021-03-04 09:26:53,163 Iteration: 80. Energy -0.9484971633507501.  Energy change -1.110e-16 , Iteration dutation: 0.006658077239990234
INFO 2021-03-04 09:26:53,170 Iteration: 81. Energy -0.948497163891637.  Energy change -5.409e-10 , Iteration dutation: 0.006807088851928711
INFO 2021-03-04 09:26:53,177 Iteration: 82. Energy -0.948497163891637.  Energy change 0.000e+00 , Iteration dutation: 0.006648540496826172
INFO 2021-03-04 09:26:53,183 Iteration: 83. Energy -0.94849716335075.  Energy change 5.409e-10 , Iteration dutation: 0.006646871566772461
INFO 2021-03-04 09:26:53,190 Iteration: 84. Energy -0.9484971638916367.  Energy change -5.409e-10 , Iteration dutation: 0.0066988468170166016
INFO 2021-03-04 09:26:53,204 Iteration: 85. Energy -0.9486411118065737.  Energy change -1.439e-04 , Iteration dutation: 0.006743669509887695
INFO 2021-03-04 09:26:53,210 Iteration: 86. Energy -0.94864111180657.  Energy change 3.775e-15 , Iteration dutation: 0.013776302337646484
INFO 2021-03-04 09:26:53,217 Iteration: 87. Energy -0.94864111180657.  Energy change 0.000e+00 , Iteration dutation: 0.0063934326171875
INFO 2021-03-04 09:26:53,224 Iteration: 88. Energy -0.9486411118065737.  Energy change -3.775e-15 , Iteration dutation: 0.006743431091308594
INFO 2021-03-04 09:26:53,230 Iteration: 89. Energy -0.9486411118065737.  Energy change 0.000e+00 , Iteration dutation: 0.006728649139404297
INFO 2021-03-04 09:26:53,237 Iteration: 90. Energy -0.948641111806574.  Energy change -2.220e-16 , Iteration dutation: 0.006672859191894531
INFO 2021-03-04 09:26:53,244 Iteration: 91. Energy -0.948641111806574.  Energy change 0.000e+00 , Iteration dutation: 0.006640911102294922
INFO 2021-03-04 09:26:53,250 Iteration: 92. Energy -0.948641111806574.  Energy change 0.000e+00 , Iteration dutation: 0.006648063659667969
INFO 2021-03-04 09:26:53,257 Iteration: 93. Energy -0.948641111806574.  Energy change 0.000e+00 , Iteration dutation: 0.006652116775512695
INFO 2021-03-04 09:26:53,264 Iteration: 94. Energy -0.9486411118065737.  Energy change 2.220e-16 , Iteration dutation: 0.006637096405029297
INFO 2021-03-04 09:26:53,270 Iteration: 95. Energy -0.9486411118065737.  Energy change 0.000e+00 , Iteration dutation: 0.006651401519775391
INFO 2021-03-04 09:26:53,277 Iteration: 96. Energy -0.948641111806572.  Energy change 1.776e-15 , Iteration dutation: 0.006642341613769531
INFO 2021-03-04 09:26:53,284 Iteration: 97. Energy -0.948641111806572.  Energy change 0.000e+00 , Iteration dutation: 0.006693601608276367
INFO 2021-03-04 09:26:53,290 Iteration: 98. Energy -0.9486411118069787.  Energy change -4.068e-13 , Iteration dutation: 0.006684541702270508
INFO 2021-03-04 09:26:53,297 Iteration: 99. Energy -0.9486411118061687.  Energy change 8.100e-13 , Iteration dutation: 0.006634950637817383
INFO 2021-03-04 09:26:53,304 Iteration: 100. Energy -0.9486411118069792.  Energy change -8.105e-13 , Iteration dutation: 0.0067043304443359375
INFO 2021-03-04 09:26:53,310 Iteration: 101. Energy -0.9486411118069792.  Energy change 0.000e+00 , Iteration dutation: 0.006632566452026367
INFO 2021-03-04 09:26:53,317 Iteration: 102. Energy -0.9486411118061687.  Energy change 8.105e-13 , Iteration dutation: 0.006654024124145508
INFO 2021-03-04 09:26:53,324 Iteration: 103. Energy -0.9486411118061686.  Energy change 1.110e-16 , Iteration dutation: 0.0067386627197265625
INFO 2021-03-04 09:26:53,330 Iteration: 104. Energy -0.9486411118069794.  Energy change -8.108e-13 , Iteration dutation: 0.006649494171142578
INFO 2021-03-04 09:26:53,337 Iteration: 105. Energy -0.9486411118061687.  Energy change 8.107e-13 , Iteration dutation: 0.006643533706665039
INFO 2021-03-04 09:26:53,351 Iteration: 106. Energy -0.9486411121294223.  Energy change -3.233e-10 , Iteration dutation: 0.006724357604980469
INFO 2021-03-04 09:26:53,357 Iteration: 107. Energy -0.9486411121294368.  Energy change -1.454e-14 , Iteration dutation: 0.013875961303710938
INFO 2021-03-04 09:26:53,364 Iteration: 108. Energy -0.9486411121294368.  Energy change 0.000e+00 , Iteration dutation: 0.0062067508697509766
INFO 2021-03-04 09:26:53,370 Iteration: 109. Energy -0.9486411121294221.  Energy change 1.465e-14 , Iteration dutation: 0.0066640377044677734
INFO 2021-03-04 09:26:53,377 Iteration: 110. Energy -0.9486411121294221.  Energy change 0.000e+00 , Iteration dutation: 0.006623506546020508
INFO 2021-03-04 09:26:53,384 Iteration: 111. Energy -0.9486411121294225.  Energy change -3.331e-16 , Iteration dutation: 0.00669097900390625
INFO 2021-03-04 09:26:53,390 Iteration: 112. Energy -0.9486411121294225.  Energy change 0.000e+00 , Iteration dutation: 0.00664830207824707
INFO 2021-03-04 09:26:53,397 Iteration: 113. Energy -0.9486411121294225.  Energy change 0.000e+00 , Iteration dutation: 0.006638526916503906
INFO 2021-03-04 09:26:53,404 Iteration: 114. Energy -0.9486411121294225.  Energy change 0.000e+00 , Iteration dutation: 0.006621599197387695
INFO 2021-03-04 09:26:53,410 Iteration: 115. Energy -0.9486411121294221.  Energy change 3.331e-16 , Iteration dutation: 0.0066716670989990234
INFO 2021-03-04 09:26:53,417 Iteration: 116. Energy -0.9486411121294221.  Energy change 0.000e+00 , Iteration dutation: 0.006687641143798828
INFO 2021-03-04 09:26:53,424 Iteration: 117. Energy -0.948641112129427.  Energy change -4.885e-15 , Iteration dutation: 0.006639719009399414
INFO 2021-03-04 09:26:53,430 Iteration: 118. Energy -0.948641112129427.  Energy change 0.000e+00 , Iteration dutation: 0.006651401519775391
INFO 2021-03-04 09:26:53,437 Iteration: 119. Energy -0.9486411121294218.  Energy change 5.218e-15 , Iteration dutation: 0.006636381149291992
INFO 2021-03-04 09:26:53,444 Iteration: 120. Energy -0.9486411121294225.  Energy change -6.661e-16 , Iteration dutation: 0.006784915924072266
INFO 2021-03-04 09:26:53,450 Iteration: 121. Energy -0.9486411121294219.  Energy change 5.551e-16 , Iteration dutation: 0.00666046142578125
INFO 2021-03-04 09:26:53,457 Iteration: 122. Energy -0.9486411121294218.  Energy change 1.110e-16 , Iteration dutation: 0.006621599197387695
INFO 2021-03-04 09:26:53,464 Iteration: 123. Energy -0.9486411121294225.  Energy change -6.661e-16 , Iteration dutation: 0.006631612777709961
INFO 2021-03-04 09:26:53,470 Iteration: 124. Energy -0.9486411121294223.  Energy change 2.220e-16 , Iteration dutation: 0.006857395172119141
INFO 2021-03-04 09:26:53,477 Iteration: 125. Energy -0.9486411121294221.  Energy change 1.110e-16 , Iteration dutation: 0.0067064762115478516
INFO 2021-03-04 09:26:53,484 Iteration: 126. Energy -0.9486411121294223.  Energy change -1.110e-16 , Iteration dutation: 0.0066547393798828125
INFO 2021-03-04 09:26:53,498 Iteration: 127. Energy -0.9486411121265631.  Energy change 2.859e-12 , Iteration dutation: 0.0067446231842041016
INFO 2021-03-04 09:26:53,504 Iteration: 128. Energy -0.9486411121265071.  Energy change 5.596e-14 , Iteration dutation: 0.013766288757324219
INFO 2021-03-04 09:26:53,511 Iteration: 129. Energy -0.9486411121265071.  Energy change 0.000e+00 , Iteration dutation: 0.006510257720947266
INFO 2021-03-04 09:26:53,517 Iteration: 130. Energy -0.9486411121265629.  Energy change -5.573e-14 , Iteration dutation: 0.006701231002807617
INFO 2021-03-04 09:26:53,524 Iteration: 131. Energy -0.9486411121265629.  Energy change 0.000e+00 , Iteration dutation: 0.006627798080444336
INFO 2021-03-04 09:26:53,531 Iteration: 132. Energy -0.9486411121265624.  Energy change 4.441e-16 , Iteration dutation: 0.006647348403930664
INFO 2021-03-04 09:26:53,537 Iteration: 133. Energy -0.9486411121265624.  Energy change 0.000e+00 , Iteration dutation: 0.006650209426879883
INFO 2021-03-04 09:26:53,544 Iteration: 134. Energy -0.9486411121265624.  Energy change 0.000e+00 , Iteration dutation: 0.006646871566772461
INFO 2021-03-04 09:26:53,551 Iteration: 135. Energy -0.9486411121265624.  Energy change 0.000e+00 , Iteration dutation: 0.006623506546020508
INFO 2021-03-04 09:26:53,557 Iteration: 136. Energy -0.9486411121265629.  Energy change -4.441e-16 , Iteration dutation: 0.006625175476074219
INFO 2021-03-04 09:26:53,564 Iteration: 137. Energy -0.9486411121265629.  Energy change 0.000e+00 , Iteration dutation: 0.006638050079345703
INFO 2021-03-04 09:26:53,571 Iteration: 138. Energy -0.9486411121265496.  Energy change 1.332e-14 , Iteration dutation: 0.006807088851928711
INFO 2021-03-04 09:26:53,577 Iteration: 139. Energy -0.9486411121265496.  Energy change 0.000e+00 , Iteration dutation: 0.006717205047607422
INFO 2021-03-04 09:26:53,584 Iteration: 140. Energy -0.9486411121265615.  Energy change -1.199e-14 , Iteration dutation: 0.006642580032348633
INFO 2021-03-04 09:26:53,591 Iteration: 141. Energy -0.9486411121265637.  Energy change -2.109e-15 , Iteration dutation: 0.006669282913208008
INFO 2021-03-04 09:26:53,598 Iteration: 142. Energy -0.9486411121265618.  Energy change 1.887e-15 , Iteration dutation: 0.006844520568847656
INFO 2021-03-04 09:26:53,604 Iteration: 143. Energy -0.948641112126562.  Energy change -2.220e-16 , Iteration dutation: 0.0067751407623291016
INFO 2021-03-04 09:26:53,611 Iteration: 144. Energy -0.9486411121265639.  Energy change -1.887e-15 , Iteration dutation: 0.006652116775512695
INFO 2021-03-04 09:26:53,618 Iteration: 145. Energy -0.948641112126564.  Energy change -1.110e-16 , Iteration dutation: 0.006655693054199219
INFO 2021-03-04 09:26:53,624 Iteration: 146. Energy -0.9486411121265615.  Energy change 2.442e-15 , Iteration dutation: 0.006662130355834961
INFO 2021-03-04 09:26:53,631 Iteration: 147. Energy -0.9486411121265641.  Energy change -2.554e-15 , Iteration dutation: 0.006707668304443359
INFO 2021-03-04 09:26:53,645 Iteration: 148. Energy -0.9486411121296479.  Energy change -3.084e-12 , Iteration dutation: 0.006640434265136719
INFO 2021-03-04 09:26:53,651 Iteration: 149. Energy -0.9486411121296474.  Energy change 4.441e-16 , Iteration dutation: 0.013778209686279297
INFO 2021-03-04 09:26:53,658 Iteration: 150. Energy -0.9486411121296474.  Energy change 0.000e+00 , Iteration dutation: 0.006217002868652344
INFO 2021-03-04 09:26:53,664 Iteration: 151. Energy -0.9486411121296479.  Energy change -4.441e-16 , Iteration dutation: 0.006728172302246094
INFO 2021-03-04 09:26:53,671 Iteration: 152. Energy -0.9486411121296479.  Energy change 0.000e+00 , Iteration dutation: 0.006659507751464844
INFO 2021-03-04 09:26:53,678 Iteration: 153. Energy -0.9486411121296479.  Energy change 0.000e+00 , Iteration dutation: 0.0066318511962890625
INFO 2021-03-04 09:26:53,684 Iteration: 154. Energy -0.9486411121296479.  Energy change 0.000e+00 , Iteration dutation: 0.006628274917602539
INFO 2021-03-04 09:26:53,691 Iteration: 155. Energy -0.9486411121296479.  Energy change 0.000e+00 , Iteration dutation: 0.0066645145416259766
INFO 2021-03-04 09:26:53,698 Iteration: 156. Energy -0.9486411121296479.  Energy change 0.000e+00 , Iteration dutation: 0.006779193878173828
INFO 2021-03-04 09:26:53,704 Iteration: 157. Energy -0.9486411121296479.  Energy change 0.000e+00 , Iteration dutation: 0.006628274917602539
INFO 2021-03-04 09:26:53,711 Iteration: 158. Energy -0.9486411121296479.  Energy change 0.000e+00 , Iteration dutation: 0.006646394729614258
INFO 2021-03-04 09:26:53,718 Iteration: 159. Energy -0.9486411121296485.  Energy change -6.661e-16 , Iteration dutation: 0.006754159927368164
INFO 2021-03-04 09:26:53,725 Iteration: 160. Energy -0.9486411121296485.  Energy change 0.000e+00 , Iteration dutation: 0.006760120391845703
INFO 2021-03-04 09:26:53,731 Iteration: 161. Energy -0.9486411121296477.  Energy change 7.772e-16 , Iteration dutation: 0.0067255496978759766
INFO 2021-03-04 09:26:53,738 Iteration: 162. Energy -0.9486411121296479.  Energy change -1.110e-16 , Iteration dutation: 0.0066335201263427734
INFO 2021-03-04 09:26:53,745 Iteration: 163. Energy -0.9486411121296477.  Energy change 1.110e-16 , Iteration dutation: 0.0066530704498291016
INFO 2021-03-04 09:26:53,751 Iteration: 164. Energy -0.9486411121296474.  Energy change 3.331e-16 , Iteration dutation: 0.006677150726318359
INFO 2021-03-04 09:26:53,758 Iteration: 165. Energy -0.9486411121296479.  Energy change -4.441e-16 , Iteration dutation: 0.0066680908203125
INFO 2021-03-04 09:26:53,765 Iteration: 166. Energy -0.9486411121296483.  Energy change -4.441e-16 , Iteration dutation: 0.0067958831787109375
INFO 2021-03-04 09:26:53,771 Iteration: 167. Energy -0.9486411121296479.  Energy change 4.441e-16 , Iteration dutation: 0.006666421890258789
INFO 2021-03-04 09:26:53,778 Iteration: 168. Energy -0.9486411121296485.  Energy change -6.661e-16 , Iteration dutation: 0.006697416305541992
CRITICAL 2021-03-04 09:26:53,778       fun: -0.9486411121296479
 hess_inv: array([[ 9.99237851e-01, -7.62149368e-04,  2.89902640e-06,
         2.89902640e-06,  1.65870637e-05,  1.65870637e-05,
         1.65870637e-05,  1.65870637e-05,  2.89902640e-06,
         2.89902640e-06, -3.04368028e-04, -3.04368028e-04,
         4.46084311e-03, -4.45503071e-03,  4.50274094e-03,
         4.50565643e-03, -4.45501958e-03, -4.46040079e-03,
         4.51932586e-03, -4.44920396e-03],
       [-7.62149368e-04,  9.99237851e-01,  2.89902640e-06,
         2.89902640e-06,  1.65870637e-05,  1.65870637e-05,
         1.65870637e-05,  1.65870637e-05,  2.89902640e-06,
         2.89902640e-06, -3.04368028e-04, -3.04368028e-04,
         4.46084311e-03, -4.45503071e-03,  4.50274094e-03,
         4.50565643e-03, -4.45501958e-03, -4.46040079e-03,
         4.51932586e-03, -4.44920396e-03],
       [ 2.89902640e-06,  2.89902640e-06,  1.00000000e+00,
         1.79326450e-10, -1.71446550e-07, -1.71446550e-07,
        -1.71446550e-07, -1.71446550e-07,  1.79326450e-10,
         1.79326450e-10,  1.36581252e-06,  1.36581252e-06,
        -3.40656348e-05,  3.40658837e-05, -3.44081941e-05,
        -3.44081410e-05,  3.40657986e-05,  3.41515993e-05,
        -3.45796243e-05,  3.40660225e-05],
       [ 2.89902640e-06,  2.89902640e-06,  1.79326450e-10,
         1.00000000e+00, -1.71446550e-07, -1.71446550e-07,
        -1.71446550e-07, -1.71446550e-07,  1.79326450e-10,
         1.79326450e-10,  1.36581252e-06,  1.36581252e-06,
        -3.40656348e-05,  3.40658837e-05, -3.44081941e-05,
        -3.44081410e-05,  3.40657986e-05,  3.41515993e-05,
        -3.45796243e-05,  3.40660225e-05],
       [ 1.65870637e-05,  1.65870637e-05, -1.71446550e-07,
        -1.71446550e-07,  1.00000069e+00,  6.86668464e-07,
         6.86668464e-07,  6.86668464e-07, -1.71446550e-07,
        -1.71446550e-07,  4.61228824e-06,  4.61228824e-06,
         6.79060441e-05, -6.82487150e-05,  6.87654521e-05,
         6.85942596e-05, -6.82485432e-05, -6.87631185e-05,
         6.94520873e-05, -6.85911652e-05],
       [ 1.65870637e-05,  1.65870637e-05, -1.71446550e-07,
        -1.71446550e-07,  6.86668464e-07,  1.00000069e+00,
         6.86668464e-07,  6.86668464e-07, -1.71446550e-07,
        -1.71446550e-07,  4.61228824e-06,  4.61228824e-06,
         6.79060441e-05, -6.82487150e-05,  6.87654521e-05,
         6.85942596e-05, -6.82485432e-05, -6.87631185e-05,
         6.94520873e-05, -6.85911652e-05],
       [ 1.65870637e-05,  1.65870637e-05, -1.71446550e-07,
        -1.71446550e-07,  6.86668464e-07,  6.86668464e-07,
         1.00000069e+00,  6.86668464e-07, -1.71446550e-07,
        -1.71446550e-07,  4.61228824e-06,  4.61228824e-06,
         6.79060441e-05, -6.82487150e-05,  6.87654521e-05,
         6.85942596e-05, -6.82485432e-05, -6.87631185e-05,
         6.94520873e-05, -6.85911652e-05],
       [ 1.65870637e-05,  1.65870637e-05, -1.71446550e-07,
        -1.71446550e-07,  6.86668464e-07,  6.86668464e-07,
         6.86668464e-07,  1.00000069e+00, -1.71446550e-07,
        -1.71446550e-07,  4.61228824e-06,  4.61228824e-06,
         6.79060441e-05, -6.82487150e-05,  6.87654521e-05,
         6.85942596e-05, -6.82485432e-05, -6.87631185e-05,
         6.94520873e-05, -6.85911652e-05],
       [ 2.89902640e-06,  2.89902640e-06,  1.79326450e-10,
         1.79326450e-10, -1.71446550e-07, -1.71446550e-07,
        -1.71446550e-07, -1.71446550e-07,  1.00000000e+00,
         1.79326450e-10,  1.36581252e-06,  1.36581252e-06,
        -3.40656348e-05,  3.40658837e-05, -3.44081941e-05,
        -3.44081410e-05,  3.40657986e-05,  3.41515993e-05,
        -3.45796243e-05,  3.40660225e-05],
       [ 2.89902640e-06,  2.89902640e-06,  1.79326450e-10,
         1.79326450e-10, -1.71446550e-07, -1.71446550e-07,
        -1.71446550e-07, -1.71446550e-07,  1.79326450e-10,
         1.00000000e+00,  1.36581252e-06,  1.36581252e-06,
        -3.40656348e-05,  3.40658837e-05, -3.44081941e-05,
        -3.44081410e-05,  3.40657986e-05,  3.41515993e-05,
        -3.45796243e-05,  3.40660225e-05],
       [-3.04368028e-04, -3.04368028e-04,  1.36581252e-06,
         1.36581252e-06,  4.61228824e-06,  4.61228824e-06,
         4.61228824e-06,  4.61228824e-06,  1.36581252e-06,
         1.36581252e-06,  9.99882313e-01, -1.17687492e-04,
         1.46470490e-03, -1.46196857e-03,  1.47803564e-03,
         1.47940685e-03, -1.46196492e-03, -1.46290089e-03,
         1.48264723e-03, -1.45922753e-03],
       [-3.04368028e-04, -3.04368028e-04,  1.36581252e-06,
         1.36581252e-06,  4.61228824e-06,  4.61228824e-06,
         4.61228824e-06,  4.61228824e-06,  1.36581252e-06,
         1.36581252e-06, -1.17687492e-04,  9.99882313e-01,
         1.46470490e-03, -1.46196857e-03,  1.47803564e-03,
         1.47940685e-03, -1.46196492e-03, -1.46290089e-03,
         1.48264723e-03, -1.45922753e-03],
       [ 4.46084311e-03,  4.46084311e-03, -3.40656348e-05,
        -3.40656348e-05,  6.79060441e-05,  6.79060441e-05,
         6.79060441e-05,  6.79060441e-05, -3.40656348e-05,
        -3.40656348e-05,  1.46470490e-03,  1.46470490e-03,
         8.88568090e-01,  1.11363822e-01, -1.11398213e-01,
        -1.11432229e-01,  1.11363856e-01,  1.11295878e-01,
        -1.11330314e-01,  1.11295779e-01],
       [-4.45503071e-03, -4.45503071e-03,  3.40658837e-05,
         3.40658837e-05, -6.82487150e-05, -6.82487150e-05,
        -6.82487150e-05, -6.82487150e-05,  3.40658837e-05,
         3.40658837e-05, -1.46196857e-03, -1.46196857e-03,
         1.11363822e-01,  8.88704265e-01,  1.11329441e-01,
         1.11363456e-01, -1.11295769e-01, -1.11227619e-01,
         1.11261199e-01, -1.11227691e-01],
       [ 4.50274094e-03,  4.50274094e-03, -3.44081941e-05,
        -3.44081941e-05,  6.87654521e-05,  6.87654521e-05,
         6.87654521e-05,  6.87654521e-05, -3.44081941e-05,
        -3.44081941e-05,  1.47803564e-03,  1.47803564e-03,
        -1.11398213e-01,  1.11329441e-01,  8.88636174e-01,
        -1.11398184e-01,  1.11329475e-01,  1.11260725e-01,
        -1.11295067e-01,  1.11260712e-01],
       [ 4.50565643e-03,  4.50565643e-03, -3.44081410e-05,
        -3.44081410e-05,  6.85942596e-05,  6.85942596e-05,
         6.85942596e-05,  6.85942596e-05, -3.44081410e-05,
        -3.44081410e-05,  1.47940685e-03,  1.47940685e-03,
        -1.11432229e-01,  1.11363456e-01, -1.11398184e-01,
         8.88567459e-01,  1.11363490e-01,  1.11294826e-01,
        -1.11329596e-01,  1.11294728e-01],
       [-4.45501958e-03, -4.45501958e-03,  3.40657986e-05,
         3.40657986e-05, -6.82485432e-05, -6.82485432e-05,
        -6.82485432e-05, -6.82485432e-05,  3.40657986e-05,
         3.40657986e-05, -1.46196492e-03, -1.46196492e-03,
         1.11363856e-01, -1.11295769e-01,  1.11329475e-01,
         1.11363490e-01,  8.88704197e-01, -1.11227654e-01,
         1.11261233e-01, -1.11227725e-01],
       [-4.46040079e-03, -4.46040079e-03,  3.41515993e-05,
         3.41515993e-05, -6.87631185e-05, -6.87631185e-05,
        -6.87631185e-05, -6.87631185e-05,  3.41515993e-05,
         3.41515993e-05, -1.46290089e-03, -1.46290089e-03,
         1.11295878e-01, -1.11227619e-01,  1.11260725e-01,
         1.11294826e-01, -1.11227654e-01,  8.88840839e-01,
         1.11191968e-01, -1.11159405e-01],
       [ 4.51932586e-03,  4.51932586e-03, -3.45796243e-05,
        -3.45796243e-05,  6.94520873e-05,  6.94520873e-05,
         6.94520873e-05,  6.94520873e-05, -3.45796243e-05,
        -3.45796243e-05,  1.48264723e-03,  1.48264723e-03,
        -1.11330314e-01,  1.11261199e-01, -1.11295067e-01,
        -1.11329596e-01,  1.11261233e-01,  1.11191968e-01,
         8.88774379e-01,  1.11192128e-01],
       [-4.44920396e-03, -4.44920396e-03,  3.40660225e-05,
         3.40660225e-05, -6.85911652e-05, -6.85911652e-05,
        -6.85911652e-05, -6.85911652e-05,  3.40660225e-05,
         3.40660225e-05, -1.45922753e-03, -1.45922753e-03,
         1.11295779e-01, -1.11227691e-01,  1.11260712e-01,
         1.11294728e-01, -1.11227725e-01, -1.11159405e-01,
         1.11192128e-01,  8.88840353e-01]])
      jac: array([ 2.98023224e-08,  2.98023224e-08,  0.00000000e+00,  0.00000000e+00,
        0.00000000e+00,  0.00000000e+00,  0.00000000e+00,  0.00000000e+00,
        0.00000000e+00,  0.00000000e+00, -4.47034836e-08, -4.47034836e-08,
        7.45058060e-09,  0.00000000e+00,  7.45058060e-09,  2.98023224e-08,
        0.00000000e+00, -2.98023224e-08,  0.00000000e+00, -4.47034836e-08])
  message: 'Optimization terminated successfully.'
  n_iters: 169
     nfev: 168
      nit: 5
     njev: 8
   status: 0
  success: True
        x: array([ 4.76986805e-09,  4.76986805e-09, -3.57384967e-08, -3.57384967e-08,
        1.56001593e-08,  1.56001593e-08,  1.56001593e-08,  1.56001593e-08,
       -3.57384967e-08, -3.57384967e-08, -1.80480160e-08, -1.80480160e-08,
        7.08212191e-02, -7.08213277e-02,  7.08212695e-02,  7.08212902e-02,
       -7.08213103e-02, -7.08213209e-02,  7.08213041e-02, -7.08213003e-02])
