INFO 2021-03-04 08:57:03,993 Calculating excitation generators
INFO 2021-03-04 08:57:07,665 -----Running VQE for: H2-----
-----Number of electrons: 2-----
-----Number of orbitals: 4-----
-----Numeber of ansatz elements: 20-----
-----Statevector and energy calculated using <class 'src.backends.MatrixCacheBackend'>------
-----Optimizer BFGS------

INFO 2021-03-04 08:57:07,697 Iteration: 1. Energy -0.7837926540830403.  Energy change 3.331e-16 , Iteration dutation: 0.00045609474182128906
INFO 2021-03-04 08:57:07,718 Iteration: 2. Energy -0.78379265408304.  Energy change 3.331e-16 , Iteration dutation: 0.032471656799316406
INFO 2021-03-04 08:57:07,730 Iteration: 3. Energy -0.78379265408304.  Energy change 0.000e+00 , Iteration dutation: 0.019959449768066406
INFO 2021-03-04 08:57:07,739 Iteration: 4. Energy -0.7837926540830402.  Energy change -2.220e-16 , Iteration dutation: 0.012757062911987305
INFO 2021-03-04 08:57:07,746 Iteration: 5. Energy -0.7837926540830402.  Energy change 0.000e+00 , Iteration dutation: 0.008534431457519531
INFO 2021-03-04 08:57:07,752 Iteration: 6. Energy -0.7837926540830403.  Energy change -1.110e-16 , Iteration dutation: 0.006669759750366211
INFO 2021-03-04 08:57:07,759 Iteration: 7. Energy -0.7837926540830403.  Energy change 0.000e+00 , Iteration dutation: 0.006674051284790039
INFO 2021-03-04 08:57:07,766 Iteration: 8. Energy -0.7837926540830403.  Energy change 0.000e+00 , Iteration dutation: 0.006713151931762695
INFO 2021-03-04 08:57:07,773 Iteration: 9. Energy -0.7837926540830403.  Energy change 0.000e+00 , Iteration dutation: 0.006670236587524414
INFO 2021-03-04 08:57:07,779 Iteration: 10. Energy -0.7837926540830402.  Energy change 1.110e-16 , Iteration dutation: 0.00686192512512207
INFO 2021-03-04 08:57:07,786 Iteration: 11. Energy -0.7837926540830402.  Energy change 0.000e+00 , Iteration dutation: 0.006672382354736328
INFO 2021-03-04 08:57:07,793 Iteration: 12. Energy -0.7837926540830401.  Energy change 1.110e-16 , Iteration dutation: 0.006673336029052734
INFO 2021-03-04 08:57:07,799 Iteration: 13. Energy -0.7837926540830401.  Energy change 0.000e+00 , Iteration dutation: 0.006676435470581055
INFO 2021-03-04 08:57:07,806 Iteration: 14. Energy -0.7837926618059685.  Energy change -7.723e-09 , Iteration dutation: 0.0067234039306640625
INFO 2021-03-04 08:57:07,813 Iteration: 15. Energy -0.7837926463601119.  Energy change 1.545e-08 , Iteration dutation: 0.006785392761230469
INFO 2021-03-04 08:57:07,820 Iteration: 16. Energy -0.7837926618059685.  Energy change -1.545e-08 , Iteration dutation: 0.006849765777587891
INFO 2021-03-04 08:57:07,826 Iteration: 17. Energy -0.7837926618059685.  Energy change 0.000e+00 , Iteration dutation: 0.0068356990814208984
INFO 2021-03-04 08:57:07,833 Iteration: 18. Energy -0.7837926463601119.  Energy change 1.545e-08 , Iteration dutation: 0.006678342819213867
INFO 2021-03-04 08:57:07,840 Iteration: 19. Energy -0.7837926463601119.  Energy change 0.000e+00 , Iteration dutation: 0.006712913513183594
INFO 2021-03-04 08:57:07,847 Iteration: 20. Energy -0.7837926618059685.  Energy change -1.545e-08 , Iteration dutation: 0.006835222244262695
INFO 2021-03-04 08:57:07,853 Iteration: 21. Energy -0.7837926463601119.  Energy change 1.545e-08 , Iteration dutation: 0.0066797733306884766
INFO 2021-03-04 08:57:07,866 Iteration: 22. Energy -0.6248501221730419.  Energy change 1.589e-01 , Iteration dutation: 0.006819248199462891
INFO 2021-03-04 08:57:07,872 Iteration: 23. Energy -0.6248501221730423.  Energy change -3.331e-16 , Iteration dutation: 0.012280464172363281
INFO 2021-03-04 08:57:07,879 Iteration: 24. Energy -0.6248501221730423.  Energy change 0.000e+00 , Iteration dutation: 0.006281614303588867
INFO 2021-03-04 08:57:07,885 Iteration: 25. Energy -0.6248501221730421.  Energy change 1.110e-16 , Iteration dutation: 0.006693840026855469
INFO 2021-03-04 08:57:07,892 Iteration: 26. Energy -0.6248501221730421.  Energy change 0.000e+00 , Iteration dutation: 0.006666421890258789
INFO 2021-03-04 08:57:07,899 Iteration: 27. Energy -0.6248501221730415.  Energy change 6.661e-16 , Iteration dutation: 0.006678342819213867
INFO 2021-03-04 08:57:07,906 Iteration: 28. Energy -0.6248501221730415.  Energy change 0.000e+00 , Iteration dutation: 0.006699323654174805
INFO 2021-03-04 08:57:07,912 Iteration: 29. Energy -0.6248501221730415.  Energy change 0.000e+00 , Iteration dutation: 0.0067865848541259766
INFO 2021-03-04 08:57:07,919 Iteration: 30. Energy -0.6248501221730415.  Energy change 0.000e+00 , Iteration dutation: 0.006685733795166016
INFO 2021-03-04 08:57:07,926 Iteration: 31. Energy -0.6248501221730421.  Energy change -6.661e-16 , Iteration dutation: 0.00664830207824707
INFO 2021-03-04 08:57:07,932 Iteration: 32. Energy -0.6248501221730421.  Energy change 0.000e+00 , Iteration dutation: 0.006641864776611328
INFO 2021-03-04 08:57:07,939 Iteration: 33. Energy -0.6248501221730415.  Energy change 6.661e-16 , Iteration dutation: 0.006649017333984375
INFO 2021-03-04 08:57:07,946 Iteration: 34. Energy -0.6248501221730415.  Energy change 0.000e+00 , Iteration dutation: 0.0066983699798583984
INFO 2021-03-04 08:57:07,952 Iteration: 35. Energy -0.6248501306253237.  Energy change -8.452e-09 , Iteration dutation: 0.006667613983154297
INFO 2021-03-04 08:57:07,959 Iteration: 36. Energy -0.6248501137207593.  Energy change 1.690e-08 , Iteration dutation: 0.006666421890258789
INFO 2021-03-04 08:57:07,966 Iteration: 37. Energy -0.6248501306253237.  Energy change -1.690e-08 , Iteration dutation: 0.0066416263580322266
INFO 2021-03-04 08:57:07,972 Iteration: 38. Energy -0.6248501306253235.  Energy change 2.220e-16 , Iteration dutation: 0.006642580032348633
INFO 2021-03-04 08:57:07,979 Iteration: 39. Energy -0.6248501137207597.  Energy change 1.690e-08 , Iteration dutation: 0.006640434265136719
INFO 2021-03-04 08:57:07,986 Iteration: 40. Energy -0.6248501137207593.  Energy change 4.441e-16 , Iteration dutation: 0.006693601608276367
INFO 2021-03-04 08:57:07,992 Iteration: 41. Energy -0.624850130625324.  Energy change -1.690e-08 , Iteration dutation: 0.006661653518676758
INFO 2021-03-04 08:57:07,999 Iteration: 42. Energy -0.6248501137207597.  Energy change 1.690e-08 , Iteration dutation: 0.006624937057495117
INFO 2021-03-04 08:57:08,011 Iteration: 43. Energy -0.9468504891359084.  Energy change -3.220e-01 , Iteration dutation: 0.006658077239990234
INFO 2021-03-04 08:57:08,018 Iteration: 44. Energy -0.9468504891359081.  Energy change 3.331e-16 , Iteration dutation: 0.012306690216064453
INFO 2021-03-04 08:57:08,024 Iteration: 45. Energy -0.9468504891359081.  Energy change 0.000e+00 , Iteration dutation: 0.006382942199707031
INFO 2021-03-04 08:57:08,031 Iteration: 46. Energy -0.9468504891359082.  Energy change -1.110e-16 , Iteration dutation: 0.006845235824584961
INFO 2021-03-04 08:57:08,038 Iteration: 47. Energy -0.9468504891359082.  Energy change 0.000e+00 , Iteration dutation: 0.006735801696777344
INFO 2021-03-04 08:57:08,044 Iteration: 48. Energy -0.9468504891359083.  Energy change -1.110e-16 , Iteration dutation: 0.006656169891357422
INFO 2021-03-04 08:57:08,051 Iteration: 49. Energy -0.9468504891359083.  Energy change 0.000e+00 , Iteration dutation: 0.006660938262939453
INFO 2021-03-04 08:57:08,058 Iteration: 50. Energy -0.9468504891359083.  Energy change 0.000e+00 , Iteration dutation: 0.0067179203033447266
INFO 2021-03-04 08:57:08,065 Iteration: 51. Energy -0.9468504891359083.  Energy change 0.000e+00 , Iteration dutation: 0.006656646728515625
INFO 2021-03-04 08:57:08,071 Iteration: 52. Energy -0.9468504891359082.  Energy change 1.110e-16 , Iteration dutation: 0.006848335266113281
INFO 2021-03-04 08:57:08,078 Iteration: 53. Energy -0.9468504891359082.  Energy change 0.000e+00 , Iteration dutation: 0.006693124771118164
INFO 2021-03-04 08:57:08,085 Iteration: 54. Energy -0.9468504891359081.  Energy change 1.110e-16 , Iteration dutation: 0.006654262542724609
INFO 2021-03-04 08:57:08,091 Iteration: 55. Energy -0.9468504891359081.  Energy change 0.000e+00 , Iteration dutation: 0.006634712219238281
INFO 2021-03-04 08:57:08,098 Iteration: 56. Energy -0.9468504900883724.  Energy change -9.525e-10 , Iteration dutation: 0.006631612777709961
INFO 2021-03-04 08:57:08,105 Iteration: 57. Energy -0.9468504881834431.  Energy change 1.905e-09 , Iteration dutation: 0.006700754165649414
INFO 2021-03-04 08:57:08,111 Iteration: 58. Energy -0.9468504900883727.  Energy change -1.905e-09 , Iteration dutation: 0.006664752960205078
INFO 2021-03-04 08:57:08,118 Iteration: 59. Energy -0.946850490088373.  Energy change -2.220e-16 , Iteration dutation: 0.006640195846557617
INFO 2021-03-04 08:57:08,125 Iteration: 60. Energy -0.9468504881834431.  Energy change 1.905e-09 , Iteration dutation: 0.006634235382080078
INFO 2021-03-04 08:57:08,131 Iteration: 61. Energy -0.9468504881834431.  Energy change 0.000e+00 , Iteration dutation: 0.006707191467285156
INFO 2021-03-04 08:57:08,138 Iteration: 62. Energy -0.946850490088373.  Energy change -1.905e-09 , Iteration dutation: 0.0066776275634765625
INFO 2021-03-04 08:57:08,145 Iteration: 63. Energy -0.9468504881834434.  Energy change 1.905e-09 , Iteration dutation: 0.006725311279296875
INFO 2021-03-04 08:57:08,159 Iteration: 64. Energy -0.9484971636211934.  Energy change -1.647e-03 , Iteration dutation: 0.006732940673828125
INFO 2021-03-04 08:57:08,165 Iteration: 65. Energy -0.9484971636211948.  Energy change -1.443e-15 , Iteration dutation: 0.013885021209716797
INFO 2021-03-04 08:57:08,172 Iteration: 66. Energy -0.9484971636211948.  Energy change 0.000e+00 , Iteration dutation: 0.006471157073974609
INFO 2021-03-04 08:57:08,178 Iteration: 67. Energy -0.9484971636211931.  Energy change 1.776e-15 , Iteration dutation: 0.0067255496978759766
INFO 2021-03-04 08:57:08,185 Iteration: 68. Energy -0.9484971636211931.  Energy change 0.000e+00 , Iteration dutation: 0.006673097610473633
INFO 2021-03-04 08:57:08,192 Iteration: 69. Energy -0.9484971636211935.  Energy change -4.441e-16 , Iteration dutation: 0.006617546081542969
INFO 2021-03-04 08:57:08,199 Iteration: 70. Energy -0.9484971636211935.  Energy change 0.000e+00 , Iteration dutation: 0.0066759586334228516
INFO 2021-03-04 08:57:08,205 Iteration: 71. Energy -0.9484971636211935.  Energy change 0.000e+00 , Iteration dutation: 0.006732463836669922
INFO 2021-03-04 08:57:08,212 Iteration: 72. Energy -0.9484971636211935.  Energy change 0.000e+00 , Iteration dutation: 0.006703615188598633
INFO 2021-03-04 08:57:08,219 Iteration: 73. Energy -0.9484971636211931.  Energy change 4.441e-16 , Iteration dutation: 0.00666356086730957
INFO 2021-03-04 08:57:08,225 Iteration: 74. Energy -0.9484971636211931.  Energy change 0.000e+00 , Iteration dutation: 0.00665593147277832
INFO 2021-03-04 08:57:08,232 Iteration: 75. Energy -0.9484971636211945.  Energy change -1.443e-15 , Iteration dutation: 0.006718873977661133
INFO 2021-03-04 08:57:08,239 Iteration: 76. Energy -0.9484971636211945.  Energy change 0.000e+00 , Iteration dutation: 0.006682395935058594
INFO 2021-03-04 08:57:08,245 Iteration: 77. Energy -0.9484971633507501.  Energy change 2.704e-10 , Iteration dutation: 0.0066640377044677734
INFO 2021-03-04 08:57:08,252 Iteration: 78. Energy -0.9484971638916366.  Energy change -5.409e-10 , Iteration dutation: 0.0066492557525634766
INFO 2021-03-04 08:57:08,259 Iteration: 79. Energy -0.94849716335075.  Energy change 5.409e-10 , Iteration dutation: 0.00667572021484375
INFO 2021-03-04 08:57:08,265 Iteration: 80. Energy -0.9484971633507501.  Energy change -1.110e-16 , Iteration dutation: 0.006642818450927734
INFO 2021-03-04 08:57:08,272 Iteration: 81. Energy -0.948497163891637.  Energy change -5.409e-10 , Iteration dutation: 0.006717205047607422
INFO 2021-03-04 08:57:08,279 Iteration: 82. Energy -0.948497163891637.  Energy change 0.000e+00 , Iteration dutation: 0.0067005157470703125
INFO 2021-03-04 08:57:08,285 Iteration: 83. Energy -0.94849716335075.  Energy change 5.409e-10 , Iteration dutation: 0.006616115570068359
INFO 2021-03-04 08:57:08,292 Iteration: 84. Energy -0.9484971638916367.  Energy change -5.409e-10 , Iteration dutation: 0.006643772125244141
INFO 2021-03-04 08:57:08,306 Iteration: 85. Energy -0.9486411118065737.  Energy change -1.439e-04 , Iteration dutation: 0.00678706169128418
INFO 2021-03-04 08:57:08,312 Iteration: 86. Energy -0.94864111180657.  Energy change 3.775e-15 , Iteration dutation: 0.013962745666503906
INFO 2021-03-04 08:57:08,319 Iteration: 87. Energy -0.94864111180657.  Energy change 0.000e+00 , Iteration dutation: 0.006409168243408203
INFO 2021-03-04 08:57:08,326 Iteration: 88. Energy -0.9486411118065737.  Energy change -3.775e-15 , Iteration dutation: 0.00705265998840332
INFO 2021-03-04 08:57:08,333 Iteration: 89. Energy -0.9486411118065737.  Energy change 0.000e+00 , Iteration dutation: 0.006758928298950195
INFO 2021-03-04 08:57:08,340 Iteration: 90. Energy -0.948641111806574.  Energy change -2.220e-16 , Iteration dutation: 0.0066454410552978516
INFO 2021-03-04 08:57:08,346 Iteration: 91. Energy -0.948641111806574.  Energy change 0.000e+00 , Iteration dutation: 0.0066339969635009766
INFO 2021-03-04 08:57:08,353 Iteration: 92. Energy -0.948641111806574.  Energy change 0.000e+00 , Iteration dutation: 0.006642580032348633
INFO 2021-03-04 08:57:08,360 Iteration: 93. Energy -0.948641111806574.  Energy change 0.000e+00 , Iteration dutation: 0.006754875183105469
INFO 2021-03-04 08:57:08,366 Iteration: 94. Energy -0.9486411118065737.  Energy change 2.220e-16 , Iteration dutation: 0.006674289703369141
INFO 2021-03-04 08:57:08,373 Iteration: 95. Energy -0.9486411118065737.  Energy change 0.000e+00 , Iteration dutation: 0.006791114807128906
INFO 2021-03-04 08:57:08,380 Iteration: 96. Energy -0.948641111806572.  Energy change 1.776e-15 , Iteration dutation: 0.0066776275634765625
INFO 2021-03-04 08:57:08,386 Iteration: 97. Energy -0.948641111806572.  Energy change 0.000e+00 , Iteration dutation: 0.006643056869506836
INFO 2021-03-04 08:57:08,393 Iteration: 98. Energy -0.9486411118069787.  Energy change -4.068e-13 , Iteration dutation: 0.006646871566772461
INFO 2021-03-04 08:57:08,400 Iteration: 99. Energy -0.9486411118061687.  Energy change 8.100e-13 , Iteration dutation: 0.006676197052001953
INFO 2021-03-04 08:57:08,406 Iteration: 100. Energy -0.9486411118069792.  Energy change -8.105e-13 , Iteration dutation: 0.006621122360229492
INFO 2021-03-04 08:57:08,413 Iteration: 101. Energy -0.9486411118069792.  Energy change 0.000e+00 , Iteration dutation: 0.006659746170043945
INFO 2021-03-04 08:57:08,420 Iteration: 102. Energy -0.9486411118061687.  Energy change 8.105e-13 , Iteration dutation: 0.006637096405029297
INFO 2021-03-04 08:57:08,426 Iteration: 103. Energy -0.9486411118061686.  Energy change 1.110e-16 , Iteration dutation: 0.0066373348236083984
INFO 2021-03-04 08:57:08,433 Iteration: 104. Energy -0.9486411118069794.  Energy change -8.108e-13 , Iteration dutation: 0.006639242172241211
INFO 2021-03-04 08:57:08,440 Iteration: 105. Energy -0.9486411118061687.  Energy change 8.107e-13 , Iteration dutation: 0.00666046142578125
INFO 2021-03-04 08:57:08,453 Iteration: 106. Energy -0.9486411121294223.  Energy change -3.233e-10 , Iteration dutation: 0.0067596435546875
INFO 2021-03-04 08:57:08,460 Iteration: 107. Energy -0.9486411121294368.  Energy change -1.454e-14 , Iteration dutation: 0.013904094696044922
INFO 2021-03-04 08:57:08,467 Iteration: 108. Energy -0.9486411121294368.  Energy change 0.000e+00 , Iteration dutation: 0.0062978267669677734
INFO 2021-03-04 08:57:08,473 Iteration: 109. Energy -0.9486411121294221.  Energy change 1.465e-14 , Iteration dutation: 0.006788015365600586
INFO 2021-03-04 08:57:08,480 Iteration: 110. Energy -0.9486411121294221.  Energy change 0.000e+00 , Iteration dutation: 0.0067141056060791016
INFO 2021-03-04 08:57:08,487 Iteration: 111. Energy -0.9486411121294225.  Energy change -3.331e-16 , Iteration dutation: 0.0067865848541259766
INFO 2021-03-04 08:57:08,493 Iteration: 112. Energy -0.9486411121294225.  Energy change 0.000e+00 , Iteration dutation: 0.006650686264038086
INFO 2021-03-04 08:57:08,500 Iteration: 113. Energy -0.9486411121294225.  Energy change 0.000e+00 , Iteration dutation: 0.0066375732421875
INFO 2021-03-04 08:57:08,507 Iteration: 114. Energy -0.9486411121294225.  Energy change 0.000e+00 , Iteration dutation: 0.006705045700073242
INFO 2021-03-04 08:57:08,514 Iteration: 115. Energy -0.9486411121294221.  Energy change 3.331e-16 , Iteration dutation: 0.0067729949951171875
INFO 2021-03-04 08:57:08,520 Iteration: 116. Energy -0.9486411121294221.  Energy change 0.000e+00 , Iteration dutation: 0.006668806076049805
INFO 2021-03-04 08:57:08,527 Iteration: 117. Energy -0.948641112129427.  Energy change -4.885e-15 , Iteration dutation: 0.006670475006103516
INFO 2021-03-04 08:57:08,534 Iteration: 118. Energy -0.948641112129427.  Energy change 0.000e+00 , Iteration dutation: 0.006671428680419922
INFO 2021-03-04 08:57:08,540 Iteration: 119. Energy -0.9486411121294218.  Energy change 5.218e-15 , Iteration dutation: 0.006639957427978516
INFO 2021-03-04 08:57:08,547 Iteration: 120. Energy -0.9486411121294225.  Energy change -6.661e-16 , Iteration dutation: 0.00671696662902832
INFO 2021-03-04 08:57:08,554 Iteration: 121. Energy -0.9486411121294219.  Energy change 5.551e-16 , Iteration dutation: 0.006653308868408203
INFO 2021-03-04 08:57:08,560 Iteration: 122. Energy -0.9486411121294218.  Energy change 1.110e-16 , Iteration dutation: 0.006627082824707031
INFO 2021-03-04 08:57:08,567 Iteration: 123. Energy -0.9486411121294225.  Energy change -6.661e-16 , Iteration dutation: 0.006644725799560547
INFO 2021-03-04 08:57:08,574 Iteration: 124. Energy -0.9486411121294223.  Energy change 2.220e-16 , Iteration dutation: 0.00683140754699707
INFO 2021-03-04 08:57:08,580 Iteration: 125. Energy -0.9486411121294221.  Energy change 1.110e-16 , Iteration dutation: 0.00674748420715332
INFO 2021-03-04 08:57:08,587 Iteration: 126. Energy -0.9486411121294223.  Energy change -1.110e-16 , Iteration dutation: 0.006665468215942383
INFO 2021-03-04 08:57:08,601 Iteration: 127. Energy -0.9486411121265631.  Energy change 2.859e-12 , Iteration dutation: 0.0067920684814453125
INFO 2021-03-04 08:57:08,607 Iteration: 128. Energy -0.9486411121265071.  Energy change 5.596e-14 , Iteration dutation: 0.013801336288452148
INFO 2021-03-04 08:57:08,614 Iteration: 129. Energy -0.9486411121265071.  Energy change 0.000e+00 , Iteration dutation: 0.006242036819458008
INFO 2021-03-04 08:57:08,621 Iteration: 130. Energy -0.9486411121265629.  Energy change -5.573e-14 , Iteration dutation: 0.006674528121948242
INFO 2021-03-04 08:57:08,627 Iteration: 131. Energy -0.9486411121265629.  Energy change 0.000e+00 , Iteration dutation: 0.0066699981689453125
INFO 2021-03-04 08:57:08,634 Iteration: 132. Energy -0.9486411121265624.  Energy change 4.441e-16 , Iteration dutation: 0.0066585540771484375
INFO 2021-03-04 08:57:08,641 Iteration: 133. Energy -0.9486411121265624.  Energy change 0.000e+00 , Iteration dutation: 0.00668787956237793
INFO 2021-03-04 08:57:08,647 Iteration: 134. Energy -0.9486411121265624.  Energy change 0.000e+00 , Iteration dutation: 0.006663084030151367
INFO 2021-03-04 08:57:08,654 Iteration: 135. Energy -0.9486411121265624.  Energy change 0.000e+00 , Iteration dutation: 0.006804466247558594
INFO 2021-03-04 08:57:08,661 Iteration: 136. Energy -0.9486411121265629.  Energy change -4.441e-16 , Iteration dutation: 0.006680488586425781
INFO 2021-03-04 08:57:08,668 Iteration: 137. Energy -0.9486411121265629.  Energy change 0.000e+00 , Iteration dutation: 0.006692409515380859
INFO 2021-03-04 08:57:08,674 Iteration: 138. Energy -0.9486411121265496.  Energy change 1.332e-14 , Iteration dutation: 0.006812095642089844
INFO 2021-03-04 08:57:08,681 Iteration: 139. Energy -0.9486411121265496.  Energy change 0.000e+00 , Iteration dutation: 0.006745815277099609
INFO 2021-03-04 08:57:08,688 Iteration: 140. Energy -0.9486411121265615.  Energy change -1.199e-14 , Iteration dutation: 0.006667613983154297
INFO 2021-03-04 08:57:08,694 Iteration: 141. Energy -0.9486411121265637.  Energy change -2.109e-15 , Iteration dutation: 0.006630659103393555
INFO 2021-03-04 08:57:08,701 Iteration: 142. Energy -0.9486411121265618.  Energy change 1.887e-15 , Iteration dutation: 0.006636619567871094
INFO 2021-03-04 08:57:08,708 Iteration: 143. Energy -0.948641112126562.  Energy change -2.220e-16 , Iteration dutation: 0.0066242218017578125
INFO 2021-03-04 08:57:08,714 Iteration: 144. Energy -0.9486411121265639.  Energy change -1.887e-15 , Iteration dutation: 0.006662130355834961
INFO 2021-03-04 08:57:08,721 Iteration: 145. Energy -0.948641112126564.  Energy change -1.110e-16 , Iteration dutation: 0.006641387939453125
INFO 2021-03-04 08:57:08,728 Iteration: 146. Energy -0.9486411121265615.  Energy change 2.442e-15 , Iteration dutation: 0.006699323654174805
INFO 2021-03-04 08:57:08,734 Iteration: 147. Energy -0.9486411121265641.  Energy change -2.554e-15 , Iteration dutation: 0.006638288497924805
INFO 2021-03-04 08:57:08,748 Iteration: 148. Energy -0.9486411121296479.  Energy change -3.084e-12 , Iteration dutation: 0.0068662166595458984
INFO 2021-03-04 08:57:08,755 Iteration: 149. Energy -0.9486411121296474.  Energy change 4.441e-16 , Iteration dutation: 0.01387166976928711
INFO 2021-03-04 08:57:08,761 Iteration: 150. Energy -0.9486411121296474.  Energy change 0.000e+00 , Iteration dutation: 0.0062634944915771484
INFO 2021-03-04 08:57:08,768 Iteration: 151. Energy -0.9486411121296479.  Energy change -4.441e-16 , Iteration dutation: 0.0066411495208740234
INFO 2021-03-04 08:57:08,775 Iteration: 152. Energy -0.9486411121296479.  Energy change 0.000e+00 , Iteration dutation: 0.0067059993743896484
INFO 2021-03-04 08:57:08,781 Iteration: 153. Energy -0.9486411121296479.  Energy change 0.000e+00 , Iteration dutation: 0.006688356399536133
INFO 2021-03-04 08:57:08,788 Iteration: 154. Energy -0.9486411121296479.  Energy change 0.000e+00 , Iteration dutation: 0.006685018539428711
INFO 2021-03-04 08:57:08,795 Iteration: 155. Energy -0.9486411121296479.  Energy change 0.000e+00 , Iteration dutation: 0.006624698638916016
INFO 2021-03-04 08:57:08,801 Iteration: 156. Energy -0.9486411121296479.  Energy change 0.000e+00 , Iteration dutation: 0.006731986999511719
INFO 2021-03-04 08:57:08,808 Iteration: 157. Energy -0.9486411121296479.  Energy change 0.000e+00 , Iteration dutation: 0.006708383560180664
INFO 2021-03-04 08:57:08,815 Iteration: 158. Energy -0.9486411121296479.  Energy change 0.000e+00 , Iteration dutation: 0.0066874027252197266
INFO 2021-03-04 08:57:08,822 Iteration: 159. Energy -0.9486411121296485.  Energy change -6.661e-16 , Iteration dutation: 0.006787300109863281
INFO 2021-03-04 08:57:08,828 Iteration: 160. Energy -0.9486411121296485.  Energy change 0.000e+00 , Iteration dutation: 0.006716489791870117
INFO 2021-03-04 08:57:08,835 Iteration: 161. Energy -0.9486411121296477.  Energy change 7.772e-16 , Iteration dutation: 0.006647586822509766
INFO 2021-03-04 08:57:08,841 Iteration: 162. Energy -0.9486411121296479.  Energy change -1.110e-16 , Iteration dutation: 0.00663447380065918
INFO 2021-03-04 08:57:08,848 Iteration: 163. Energy -0.9486411121296477.  Energy change 1.110e-16 , Iteration dutation: 0.006630897521972656
INFO 2021-03-04 08:57:08,855 Iteration: 164. Energy -0.9486411121296474.  Energy change 3.331e-16 , Iteration dutation: 0.00671696662902832
INFO 2021-03-04 08:57:08,861 Iteration: 165. Energy -0.9486411121296479.  Energy change -4.441e-16 , Iteration dutation: 0.006654024124145508
INFO 2021-03-04 08:57:08,868 Iteration: 166. Energy -0.9486411121296483.  Energy change -4.441e-16 , Iteration dutation: 0.006624937057495117
INFO 2021-03-04 08:57:08,875 Iteration: 167. Energy -0.9486411121296479.  Energy change 4.441e-16 , Iteration dutation: 0.0067310333251953125
INFO 2021-03-04 08:57:08,882 Iteration: 168. Energy -0.9486411121296485.  Energy change -6.661e-16 , Iteration dutation: 0.006663084030151367
CRITICAL 2021-03-04 08:57:08,882       fun: -0.9486411121296479
 hess_inv: array([[ 9.99237851e-01, -7.62149368e-04,  2.89902640e-06,
         2.89902640e-06,  1.65870637e-05,  1.65870637e-05,
         1.65870637e-05,  1.65870637e-05,  2.89902640e-06,
         2.89902640e-06, -3.04368028e-04, -3.04368028e-04,
         4.46084311e-03, -4.45503071e-03,  4.50274094e-03,
         4.50565643e-03, -4.45501958e-03, -4.46040079e-03,
         4.51932586e-03, -4.44920396e-03],
       [-7.62149368e-04,  9.99237851e-01,  2.89902640e-06,
         2.89902640e-06,  1.65870637e-05,  1.65870637e-05,
         1.65870637e-05,  1.65870637e-05,  2.89902640e-06,
         2.89902640e-06, -3.04368028e-04, -3.04368028e-04,
         4.46084311e-03, -4.45503071e-03,  4.50274094e-03,
         4.50565643e-03, -4.45501958e-03, -4.46040079e-03,
         4.51932586e-03, -4.44920396e-03],
       [ 2.89902640e-06,  2.89902640e-06,  1.00000000e+00,
         1.79326450e-10, -1.71446550e-07, -1.71446550e-07,
        -1.71446550e-07, -1.71446550e-07,  1.79326450e-10,
         1.79326450e-10,  1.36581252e-06,  1.36581252e-06,
        -3.40656348e-05,  3.40658837e-05, -3.44081941e-05,
        -3.44081410e-05,  3.40657986e-05,  3.41515993e-05,
        -3.45796243e-05,  3.40660225e-05],
       [ 2.89902640e-06,  2.89902640e-06,  1.79326450e-10,
         1.00000000e+00, -1.71446550e-07, -1.71446550e-07,
        -1.71446550e-07, -1.71446550e-07,  1.79326450e-10,
         1.79326450e-10,  1.36581252e-06,  1.36581252e-06,
        -3.40656348e-05,  3.40658837e-05, -3.44081941e-05,
        -3.44081410e-05,  3.40657986e-05,  3.41515993e-05,
        -3.45796243e-05,  3.40660225e-05],
       [ 1.65870637e-05,  1.65870637e-05, -1.71446550e-07,
        -1.71446550e-07,  1.00000069e+00,  6.86668464e-07,
         6.86668464e-07,  6.86668464e-07, -1.71446550e-07,
        -1.71446550e-07,  4.61228824e-06,  4.61228824e-06,
         6.79060441e-05, -6.82487150e-05,  6.87654521e-05,
         6.85942596e-05, -6.82485432e-05, -6.87631185e-05,
         6.94520873e-05, -6.85911652e-05],
       [ 1.65870637e-05,  1.65870637e-05, -1.71446550e-07,
        -1.71446550e-07,  6.86668464e-07,  1.00000069e+00,
         6.86668464e-07,  6.86668464e-07, -1.71446550e-07,
        -1.71446550e-07,  4.61228824e-06,  4.61228824e-06,
         6.79060441e-05, -6.82487150e-05,  6.87654521e-05,
         6.85942596e-05, -6.82485432e-05, -6.87631185e-05,
         6.94520873e-05, -6.85911652e-05],
       [ 1.65870637e-05,  1.65870637e-05, -1.71446550e-07,
        -1.71446550e-07,  6.86668464e-07,  6.86668464e-07,
         1.00000069e+00,  6.86668464e-07, -1.71446550e-07,
        -1.71446550e-07,  4.61228824e-06,  4.61228824e-06,
         6.79060441e-05, -6.82487150e-05,  6.87654521e-05,
         6.85942596e-05, -6.82485432e-05, -6.87631185e-05,
         6.94520873e-05, -6.85911652e-05],
       [ 1.65870637e-05,  1.65870637e-05, -1.71446550e-07,
        -1.71446550e-07,  6.86668464e-07,  6.86668464e-07,
         6.86668464e-07,  1.00000069e+00, -1.71446550e-07,
        -1.71446550e-07,  4.61228824e-06,  4.61228824e-06,
         6.79060441e-05, -6.82487150e-05,  6.87654521e-05,
         6.85942596e-05, -6.82485432e-05, -6.87631185e-05,
         6.94520873e-05, -6.85911652e-05],
       [ 2.89902640e-06,  2.89902640e-06,  1.79326450e-10,
         1.79326450e-10, -1.71446550e-07, -1.71446550e-07,
        -1.71446550e-07, -1.71446550e-07,  1.00000000e+00,
         1.79326450e-10,  1.36581252e-06,  1.36581252e-06,
        -3.40656348e-05,  3.40658837e-05, -3.44081941e-05,
        -3.44081410e-05,  3.40657986e-05,  3.41515993e-05,
        -3.45796243e-05,  3.40660225e-05],
       [ 2.89902640e-06,  2.89902640e-06,  1.79326450e-10,
         1.79326450e-10, -1.71446550e-07, -1.71446550e-07,
        -1.71446550e-07, -1.71446550e-07,  1.79326450e-10,
         1.00000000e+00,  1.36581252e-06,  1.36581252e-06,
        -3.40656348e-05,  3.40658837e-05, -3.44081941e-05,
        -3.44081410e-05,  3.40657986e-05,  3.41515993e-05,
        -3.45796243e-05,  3.40660225e-05],
       [-3.04368028e-04, -3.04368028e-04,  1.36581252e-06,
         1.36581252e-06,  4.61228824e-06,  4.61228824e-06,
         4.61228824e-06,  4.61228824e-06,  1.36581252e-06,
         1.36581252e-06,  9.99882313e-01, -1.17687492e-04,
         1.46470490e-03, -1.46196857e-03,  1.47803564e-03,
         1.47940685e-03, -1.46196492e-03, -1.46290089e-03,
         1.48264723e-03, -1.45922753e-03],
       [-3.04368028e-04, -3.04368028e-04,  1.36581252e-06,
         1.36581252e-06,  4.61228824e-06,  4.61228824e-06,
         4.61228824e-06,  4.61228824e-06,  1.36581252e-06,
         1.36581252e-06, -1.17687492e-04,  9.99882313e-01,
         1.46470490e-03, -1.46196857e-03,  1.47803564e-03,
         1.47940685e-03, -1.46196492e-03, -1.46290089e-03,
         1.48264723e-03, -1.45922753e-03],
       [ 4.46084311e-03,  4.46084311e-03, -3.40656348e-05,
        -3.40656348e-05,  6.79060441e-05,  6.79060441e-05,
         6.79060441e-05,  6.79060441e-05, -3.40656348e-05,
        -3.40656348e-05,  1.46470490e-03,  1.46470490e-03,
         8.88568090e-01,  1.11363822e-01, -1.11398213e-01,
        -1.11432229e-01,  1.11363856e-01,  1.11295878e-01,
        -1.11330314e-01,  1.11295779e-01],
       [-4.45503071e-03, -4.45503071e-03,  3.40658837e-05,
         3.40658837e-05, -6.82487150e-05, -6.82487150e-05,
        -6.82487150e-05, -6.82487150e-05,  3.40658837e-05,
         3.40658837e-05, -1.46196857e-03, -1.46196857e-03,
         1.11363822e-01,  8.88704265e-01,  1.11329441e-01,
         1.11363456e-01, -1.11295769e-01, -1.11227619e-01,
         1.11261199e-01, -1.11227691e-01],
       [ 4.50274094e-03,  4.50274094e-03, -3.44081941e-05,
        -3.44081941e-05,  6.87654521e-05,  6.87654521e-05,
         6.87654521e-05,  6.87654521e-05, -3.44081941e-05,
        -3.44081941e-05,  1.47803564e-03,  1.47803564e-03,
        -1.11398213e-01,  1.11329441e-01,  8.88636174e-01,
        -1.11398184e-01,  1.11329475e-01,  1.11260725e-01,
        -1.11295067e-01,  1.11260712e-01],
       [ 4.50565643e-03,  4.50565643e-03, -3.44081410e-05,
        -3.44081410e-05,  6.85942596e-05,  6.85942596e-05,
         6.85942596e-05,  6.85942596e-05, -3.44081410e-05,
        -3.44081410e-05,  1.47940685e-03,  1.47940685e-03,
        -1.11432229e-01,  1.11363456e-01, -1.11398184e-01,
         8.88567459e-01,  1.11363490e-01,  1.11294826e-01,
        -1.11329596e-01,  1.11294728e-01],
       [-4.45501958e-03, -4.45501958e-03,  3.40657986e-05,
         3.40657986e-05, -6.82485432e-05, -6.82485432e-05,
        -6.82485432e-05, -6.82485432e-05,  3.40657986e-05,
         3.40657986e-05, -1.46196492e-03, -1.46196492e-03,
         1.11363856e-01, -1.11295769e-01,  1.11329475e-01,
         1.11363490e-01,  8.88704197e-01, -1.11227654e-01,
         1.11261233e-01, -1.11227725e-01],
       [-4.46040079e-03, -4.46040079e-03,  3.41515993e-05,
         3.41515993e-05, -6.87631185e-05, -6.87631185e-05,
        -6.87631185e-05, -6.87631185e-05,  3.41515993e-05,
         3.41515993e-05, -1.46290089e-03, -1.46290089e-03,
         1.11295878e-01, -1.11227619e-01,  1.11260725e-01,
         1.11294826e-01, -1.11227654e-01,  8.88840839e-01,
         1.11191968e-01, -1.11159405e-01],
       [ 4.51932586e-03,  4.51932586e-03, -3.45796243e-05,
        -3.45796243e-05,  6.94520873e-05,  6.94520873e-05,
         6.94520873e-05,  6.94520873e-05, -3.45796243e-05,
        -3.45796243e-05,  1.48264723e-03,  1.48264723e-03,
        -1.11330314e-01,  1.11261199e-01, -1.11295067e-01,
        -1.11329596e-01,  1.11261233e-01,  1.11191968e-01,
         8.88774379e-01,  1.11192128e-01],
       [-4.44920396e-03, -4.44920396e-03,  3.40660225e-05,
         3.40660225e-05, -6.85911652e-05, -6.85911652e-05,
        -6.85911652e-05, -6.85911652e-05,  3.40660225e-05,
         3.40660225e-05, -1.45922753e-03, -1.45922753e-03,
         1.11295779e-01, -1.11227691e-01,  1.11260712e-01,
         1.11294728e-01, -1.11227725e-01, -1.11159405e-01,
         1.11192128e-01,  8.88840353e-01]])
      jac: array([ 2.98023224e-08,  2.98023224e-08,  0.00000000e+00,  0.00000000e+00,
        0.00000000e+00,  0.00000000e+00,  0.00000000e+00,  0.00000000e+00,
        0.00000000e+00,  0.00000000e+00, -4.47034836e-08, -4.47034836e-08,
        7.45058060e-09,  0.00000000e+00,  7.45058060e-09,  2.98023224e-08,
        0.00000000e+00, -2.98023224e-08,  0.00000000e+00, -4.47034836e-08])
  message: 'Optimization terminated successfully.'
  n_iters: 169
     nfev: 168
      nit: 5
     njev: 8
   status: 0
  success: True
        x: array([ 4.76986805e-09,  4.76986805e-09, -3.57384967e-08, -3.57384967e-08,
        1.56001593e-08,  1.56001593e-08,  1.56001593e-08,  1.56001593e-08,
       -3.57384967e-08, -3.57384967e-08, -1.80480160e-08, -1.80480160e-08,
        7.08212191e-02, -7.08213277e-02,  7.08212695e-02,  7.08212902e-02,
       -7.08213103e-02, -7.08213209e-02,  7.08213041e-02, -7.08213003e-02])
