INFO 2021-03-04 11:01:12,277 Calculating excitation generators
INFO 2021-03-04 11:01:15,755 -----Running VQE for: H2-----
-----Number of electrons: 2-----
-----Number of orbitals: 4-----
-----Numeber of ansatz elements: 20-----
-----Statevector and energy calculated using <class 'src.backends.MatrixCacheBackend'>------
-----Optimizer BFGS------

INFO 2021-03-04 11:01:15,789 Iteration: 1. Energy -0.7837926540830403.  Energy change 3.331e-16 , Iteration dutation: 0.00045680999755859375
INFO 2021-03-04 11:01:15,803 Iteration: 2. Energy -0.78379265408304.  Energy change 3.331e-16 , Iteration dutation: 0.03345012664794922
INFO 2021-03-04 11:01:15,819 Iteration: 3. Energy -0.78379265408304.  Energy change 0.000e+00 , Iteration dutation: 0.014537572860717773
INFO 2021-03-04 11:01:15,829 Iteration: 4. Energy -0.7837926540830402.  Energy change -2.220e-16 , Iteration dutation: 0.015997886657714844
INFO 2021-03-04 11:01:15,836 Iteration: 5. Energy -0.7837926540830402.  Energy change 0.000e+00 , Iteration dutation: 0.009588479995727539
INFO 2021-03-04 11:01:15,843 Iteration: 6. Energy -0.7837926540830403.  Energy change -1.110e-16 , Iteration dutation: 0.007452487945556641
INFO 2021-03-04 11:01:15,850 Iteration: 7. Energy -0.7837926540830403.  Energy change 0.000e+00 , Iteration dutation: 0.006698131561279297
INFO 2021-03-04 11:01:15,856 Iteration: 8. Energy -0.7837926540830403.  Energy change 0.000e+00 , Iteration dutation: 0.006661176681518555
INFO 2021-03-04 11:01:15,863 Iteration: 9. Energy -0.7837926540830403.  Energy change 0.000e+00 , Iteration dutation: 0.006674051284790039
INFO 2021-03-04 11:01:15,870 Iteration: 10. Energy -0.7837926540830402.  Energy change 1.110e-16 , Iteration dutation: 0.006664276123046875
INFO 2021-03-04 11:01:15,876 Iteration: 11. Energy -0.7837926540830402.  Energy change 0.000e+00 , Iteration dutation: 0.006674289703369141
INFO 2021-03-04 11:01:15,883 Iteration: 12. Energy -0.7837926540830401.  Energy change 1.110e-16 , Iteration dutation: 0.006682634353637695
INFO 2021-03-04 11:01:15,890 Iteration: 13. Energy -0.7837926540830401.  Energy change 0.000e+00 , Iteration dutation: 0.00664210319519043
INFO 2021-03-04 11:01:15,896 Iteration: 14. Energy -0.7837926618059685.  Energy change -7.723e-09 , Iteration dutation: 0.006640434265136719
INFO 2021-03-04 11:01:15,903 Iteration: 15. Energy -0.7837926463601119.  Energy change 1.545e-08 , Iteration dutation: 0.006707429885864258
INFO 2021-03-04 11:01:15,915 Iteration: 16. Energy -0.7837926618059685.  Energy change -1.545e-08 , Iteration dutation: 0.006805419921875
INFO 2021-03-04 11:01:15,928 Iteration: 17. Energy -0.7837926618059685.  Energy change 0.000e+00 , Iteration dutation: 0.0122222900390625
INFO 2021-03-04 11:01:15,940 Iteration: 18. Energy -0.7837926463601119.  Energy change 1.545e-08 , Iteration dutation: 0.012431144714355469
INFO 2021-03-04 11:01:15,952 Iteration: 19. Energy -0.7837926463601119.  Energy change 0.000e+00 , Iteration dutation: 0.011945724487304688
INFO 2021-03-04 11:01:15,964 Iteration: 20. Energy -0.7837926618059685.  Energy change -1.545e-08 , Iteration dutation: 0.012013912200927734
INFO 2021-03-04 11:01:15,976 Iteration: 21. Energy -0.7837926463601119.  Energy change 1.545e-08 , Iteration dutation: 0.012142419815063477
INFO 2021-03-04 11:01:15,988 Iteration: 22. Energy -0.6248501221730419.  Energy change 1.589e-01 , Iteration dutation: 0.012108802795410156
INFO 2021-03-04 11:01:15,995 Iteration: 23. Energy -0.6248501221730423.  Energy change -3.331e-16 , Iteration dutation: 0.012243270874023438
INFO 2021-03-04 11:01:16,001 Iteration: 24. Energy -0.6248501221730423.  Energy change 0.000e+00 , Iteration dutation: 0.006216526031494141
INFO 2021-03-04 11:01:16,008 Iteration: 25. Energy -0.6248501221730421.  Energy change 1.110e-16 , Iteration dutation: 0.006696939468383789
INFO 2021-03-04 11:01:16,015 Iteration: 26. Energy -0.6248501221730421.  Energy change 0.000e+00 , Iteration dutation: 0.006807804107666016
INFO 2021-03-04 11:01:16,021 Iteration: 27. Energy -0.6248501221730415.  Energy change 6.661e-16 , Iteration dutation: 0.006729602813720703
INFO 2021-03-04 11:01:16,028 Iteration: 28. Energy -0.6248501221730415.  Energy change 0.000e+00 , Iteration dutation: 0.006654500961303711
INFO 2021-03-04 11:01:16,035 Iteration: 29. Energy -0.6248501221730415.  Energy change 0.000e+00 , Iteration dutation: 0.006637096405029297
INFO 2021-03-04 11:01:16,041 Iteration: 30. Energy -0.6248501221730415.  Energy change 0.000e+00 , Iteration dutation: 0.006657123565673828
INFO 2021-03-04 11:01:16,048 Iteration: 31. Energy -0.6248501221730421.  Energy change -6.661e-16 , Iteration dutation: 0.006634950637817383
INFO 2021-03-04 11:01:16,055 Iteration: 32. Energy -0.6248501221730421.  Energy change 0.000e+00 , Iteration dutation: 0.006653785705566406
INFO 2021-03-04 11:01:16,061 Iteration: 33. Energy -0.6248501221730415.  Energy change 6.661e-16 , Iteration dutation: 0.006635904312133789
INFO 2021-03-04 11:01:16,068 Iteration: 34. Energy -0.6248501221730415.  Energy change 0.000e+00 , Iteration dutation: 0.00662994384765625
INFO 2021-03-04 11:01:16,075 Iteration: 35. Energy -0.6248501306253237.  Energy change -8.452e-09 , Iteration dutation: 0.006622314453125
INFO 2021-03-04 11:01:16,081 Iteration: 36. Energy -0.6248501137207593.  Energy change 1.690e-08 , Iteration dutation: 0.006655216217041016
INFO 2021-03-04 11:01:16,088 Iteration: 37. Energy -0.6248501306253237.  Energy change -1.690e-08 , Iteration dutation: 0.006649971008300781
INFO 2021-03-04 11:01:16,095 Iteration: 38. Energy -0.6248501306253235.  Energy change 2.220e-16 , Iteration dutation: 0.006604671478271484
INFO 2021-03-04 11:01:16,102 Iteration: 39. Energy -0.6248501137207597.  Energy change 1.690e-08 , Iteration dutation: 0.0067594051361083984
INFO 2021-03-04 11:01:16,108 Iteration: 40. Energy -0.6248501137207593.  Energy change 4.441e-16 , Iteration dutation: 0.006875276565551758
INFO 2021-03-04 11:01:16,115 Iteration: 41. Energy -0.624850130625324.  Energy change -1.690e-08 , Iteration dutation: 0.006590366363525391
INFO 2021-03-04 11:01:16,121 Iteration: 42. Energy -0.6248501137207597.  Energy change 1.690e-08 , Iteration dutation: 0.006615161895751953
INFO 2021-03-04 11:01:16,133 Iteration: 43. Energy -0.9468504891359084.  Energy change -3.220e-01 , Iteration dutation: 0.006609439849853516
INFO 2021-03-04 11:01:16,140 Iteration: 44. Energy -0.9468504891359081.  Energy change 3.331e-16 , Iteration dutation: 0.012185811996459961
INFO 2021-03-04 11:01:16,146 Iteration: 45. Energy -0.9468504891359081.  Energy change 0.000e+00 , Iteration dutation: 0.006280422210693359
INFO 2021-03-04 11:01:16,153 Iteration: 46. Energy -0.9468504891359082.  Energy change -1.110e-16 , Iteration dutation: 0.006602048873901367
INFO 2021-03-04 11:01:16,160 Iteration: 47. Energy -0.9468504891359082.  Energy change 0.000e+00 , Iteration dutation: 0.006621122360229492
INFO 2021-03-04 11:01:16,166 Iteration: 48. Energy -0.9468504891359083.  Energy change -1.110e-16 , Iteration dutation: 0.006614208221435547
INFO 2021-03-04 11:01:16,173 Iteration: 49. Energy -0.9468504891359083.  Energy change 0.000e+00 , Iteration dutation: 0.0068514347076416016
INFO 2021-03-04 11:01:16,180 Iteration: 50. Energy -0.9468504891359083.  Energy change 0.000e+00 , Iteration dutation: 0.006720781326293945
INFO 2021-03-04 11:01:16,186 Iteration: 51. Energy -0.9468504891359083.  Energy change 0.000e+00 , Iteration dutation: 0.006595611572265625
INFO 2021-03-04 11:01:16,193 Iteration: 52. Energy -0.9468504891359082.  Energy change 1.110e-16 , Iteration dutation: 0.0066187381744384766
INFO 2021-03-04 11:01:16,200 Iteration: 53. Energy -0.9468504891359082.  Energy change 0.000e+00 , Iteration dutation: 0.006647825241088867
INFO 2021-03-04 11:01:16,206 Iteration: 54. Energy -0.9468504891359081.  Energy change 1.110e-16 , Iteration dutation: 0.006662607192993164
INFO 2021-03-04 11:01:16,213 Iteration: 55. Energy -0.9468504891359081.  Energy change 0.000e+00 , Iteration dutation: 0.006607770919799805
INFO 2021-03-04 11:01:16,220 Iteration: 56. Energy -0.9468504900883724.  Energy change -9.525e-10 , Iteration dutation: 0.006632804870605469
INFO 2021-03-04 11:01:16,226 Iteration: 57. Energy -0.9468504881834431.  Energy change 1.905e-09 , Iteration dutation: 0.006845951080322266
INFO 2021-03-04 11:01:16,233 Iteration: 58. Energy -0.9468504900883727.  Energy change -1.905e-09 , Iteration dutation: 0.0066640377044677734
INFO 2021-03-04 11:01:16,240 Iteration: 59. Energy -0.946850490088373.  Energy change -2.220e-16 , Iteration dutation: 0.006657600402832031
INFO 2021-03-04 11:01:16,246 Iteration: 60. Energy -0.9468504881834431.  Energy change 1.905e-09 , Iteration dutation: 0.006631612777709961
INFO 2021-03-04 11:01:16,253 Iteration: 61. Energy -0.9468504881834431.  Energy change 0.000e+00 , Iteration dutation: 0.006614208221435547
INFO 2021-03-04 11:01:16,260 Iteration: 62. Energy -0.946850490088373.  Energy change -1.905e-09 , Iteration dutation: 0.006629467010498047
INFO 2021-03-04 11:01:16,267 Iteration: 63. Energy -0.9468504881834434.  Energy change 1.905e-09 , Iteration dutation: 0.006714582443237305
INFO 2021-03-04 11:01:16,280 Iteration: 64. Energy -0.9484971636211934.  Energy change -1.647e-03 , Iteration dutation: 0.00693511962890625
INFO 2021-03-04 11:01:16,287 Iteration: 65. Energy -0.9484971636211948.  Energy change -1.443e-15 , Iteration dutation: 0.013832807540893555
INFO 2021-03-04 11:01:16,293 Iteration: 66. Energy -0.9484971636211948.  Energy change 0.000e+00 , Iteration dutation: 0.006376981735229492
INFO 2021-03-04 11:01:16,300 Iteration: 67. Energy -0.9484971636211931.  Energy change 1.776e-15 , Iteration dutation: 0.006598711013793945
INFO 2021-03-04 11:01:16,307 Iteration: 68. Energy -0.9484971636211931.  Energy change 0.000e+00 , Iteration dutation: 0.006615638732910156
INFO 2021-03-04 11:01:16,313 Iteration: 69. Energy -0.9484971636211935.  Energy change -4.441e-16 , Iteration dutation: 0.006594657897949219
INFO 2021-03-04 11:01:16,320 Iteration: 70. Energy -0.9484971636211935.  Energy change 0.000e+00 , Iteration dutation: 0.00661158561706543
INFO 2021-03-04 11:01:16,327 Iteration: 71. Energy -0.9484971636211935.  Energy change 0.000e+00 , Iteration dutation: 0.0066127777099609375
INFO 2021-03-04 11:01:16,333 Iteration: 72. Energy -0.9484971636211935.  Energy change 0.000e+00 , Iteration dutation: 0.00661921501159668
INFO 2021-03-04 11:01:16,340 Iteration: 73. Energy -0.9484971636211931.  Energy change 4.441e-16 , Iteration dutation: 0.0066030025482177734
INFO 2021-03-04 11:01:16,346 Iteration: 74. Energy -0.9484971636211931.  Energy change 0.000e+00 , Iteration dutation: 0.006632328033447266
INFO 2021-03-04 11:01:16,353 Iteration: 75. Energy -0.9484971636211945.  Energy change -1.443e-15 , Iteration dutation: 0.006619453430175781
INFO 2021-03-04 11:01:16,360 Iteration: 76. Energy -0.9484971636211945.  Energy change 0.000e+00 , Iteration dutation: 0.00668644905090332
INFO 2021-03-04 11:01:16,366 Iteration: 77. Energy -0.9484971633507501.  Energy change 2.704e-10 , Iteration dutation: 0.006621599197387695
INFO 2021-03-04 11:01:16,373 Iteration: 78. Energy -0.9484971638916366.  Energy change -5.409e-10 , Iteration dutation: 0.006716728210449219
INFO 2021-03-04 11:01:16,380 Iteration: 79. Energy -0.94849716335075.  Energy change 5.409e-10 , Iteration dutation: 0.006608009338378906
INFO 2021-03-04 11:01:16,386 Iteration: 80. Energy -0.9484971633507501.  Energy change -1.110e-16 , Iteration dutation: 0.006636857986450195
INFO 2021-03-04 11:01:16,393 Iteration: 81. Energy -0.948497163891637.  Energy change -5.409e-10 , Iteration dutation: 0.006606101989746094
INFO 2021-03-04 11:01:16,399 Iteration: 82. Energy -0.948497163891637.  Energy change 0.000e+00 , Iteration dutation: 0.006609678268432617
INFO 2021-03-04 11:01:16,406 Iteration: 83. Energy -0.94849716335075.  Energy change 5.409e-10 , Iteration dutation: 0.006613016128540039
INFO 2021-03-04 11:01:16,413 Iteration: 84. Energy -0.9484971638916367.  Energy change -5.409e-10 , Iteration dutation: 0.006601095199584961
INFO 2021-03-04 11:01:16,427 Iteration: 85. Energy -0.9486411118065737.  Energy change -1.439e-04 , Iteration dutation: 0.0067596435546875
INFO 2021-03-04 11:01:16,433 Iteration: 86. Energy -0.94864111180657.  Energy change 3.775e-15 , Iteration dutation: 0.014152765274047852
INFO 2021-03-04 11:01:16,440 Iteration: 87. Energy -0.94864111180657.  Energy change 0.000e+00 , Iteration dutation: 0.006239175796508789
INFO 2021-03-04 11:01:16,447 Iteration: 88. Energy -0.9486411118065737.  Energy change -3.775e-15 , Iteration dutation: 0.006710052490234375
INFO 2021-03-04 11:01:16,453 Iteration: 89. Energy -0.9486411118065737.  Energy change 0.000e+00 , Iteration dutation: 0.006623744964599609
INFO 2021-03-04 11:01:16,460 Iteration: 90. Energy -0.948641111806574.  Energy change -2.220e-16 , Iteration dutation: 0.006627082824707031
INFO 2021-03-04 11:01:16,466 Iteration: 91. Energy -0.948641111806574.  Energy change 0.000e+00 , Iteration dutation: 0.006593227386474609
INFO 2021-03-04 11:01:16,473 Iteration: 92. Energy -0.948641111806574.  Energy change 0.000e+00 , Iteration dutation: 0.006605386734008789
INFO 2021-03-04 11:01:16,480 Iteration: 93. Energy -0.948641111806574.  Energy change 0.000e+00 , Iteration dutation: 0.006624698638916016
INFO 2021-03-04 11:01:16,486 Iteration: 94. Energy -0.9486411118065737.  Energy change 2.220e-16 , Iteration dutation: 0.006674528121948242
INFO 2021-03-04 11:01:16,493 Iteration: 95. Energy -0.9486411118065737.  Energy change 0.000e+00 , Iteration dutation: 0.006617546081542969
INFO 2021-03-04 11:01:16,500 Iteration: 96. Energy -0.948641111806572.  Energy change 1.776e-15 , Iteration dutation: 0.006644487380981445
INFO 2021-03-04 11:01:16,506 Iteration: 97. Energy -0.948641111806572.  Energy change 0.000e+00 , Iteration dutation: 0.006683826446533203
INFO 2021-03-04 11:01:16,513 Iteration: 98. Energy -0.9486411118069787.  Energy change -4.068e-13 , Iteration dutation: 0.006590127944946289
INFO 2021-03-04 11:01:16,519 Iteration: 99. Energy -0.9486411118061687.  Energy change 8.100e-13 , Iteration dutation: 0.006633281707763672
INFO 2021-03-04 11:01:16,526 Iteration: 100. Energy -0.9486411118069792.  Energy change -8.105e-13 , Iteration dutation: 0.006608724594116211
INFO 2021-03-04 11:01:16,533 Iteration: 101. Energy -0.9486411118069792.  Energy change 0.000e+00 , Iteration dutation: 0.006624460220336914
INFO 2021-03-04 11:01:16,539 Iteration: 102. Energy -0.9486411118061687.  Energy change 8.105e-13 , Iteration dutation: 0.006601095199584961
INFO 2021-03-04 11:01:16,546 Iteration: 103. Energy -0.9486411118061686.  Energy change 1.110e-16 , Iteration dutation: 0.006663799285888672
INFO 2021-03-04 11:01:16,553 Iteration: 104. Energy -0.9486411118069794.  Energy change -8.108e-13 , Iteration dutation: 0.006600618362426758
INFO 2021-03-04 11:01:16,559 Iteration: 105. Energy -0.9486411118061687.  Energy change 8.107e-13 , Iteration dutation: 0.006633758544921875
INFO 2021-03-04 11:01:16,573 Iteration: 106. Energy -0.9486411121294223.  Energy change -3.233e-10 , Iteration dutation: 0.006693601608276367
INFO 2021-03-04 11:01:16,579 Iteration: 107. Energy -0.9486411121294368.  Energy change -1.454e-14 , Iteration dutation: 0.0139312744140625
INFO 2021-03-04 11:01:16,586 Iteration: 108. Energy -0.9486411121294368.  Energy change 0.000e+00 , Iteration dutation: 0.006241798400878906
INFO 2021-03-04 11:01:16,593 Iteration: 109. Energy -0.9486411121294221.  Energy change 1.465e-14 , Iteration dutation: 0.00658726692199707
INFO 2021-03-04 11:01:16,599 Iteration: 110. Energy -0.9486411121294221.  Energy change 0.000e+00 , Iteration dutation: 0.00660252571105957
INFO 2021-03-04 11:01:16,606 Iteration: 111. Energy -0.9486411121294225.  Energy change -3.331e-16 , Iteration dutation: 0.00659489631652832
INFO 2021-03-04 11:01:16,612 Iteration: 112. Energy -0.9486411121294225.  Energy change 0.000e+00 , Iteration dutation: 0.006632804870605469
INFO 2021-03-04 11:01:16,619 Iteration: 113. Energy -0.9486411121294225.  Energy change 0.000e+00 , Iteration dutation: 0.0065860748291015625
INFO 2021-03-04 11:01:16,626 Iteration: 114. Energy -0.9486411121294225.  Energy change 0.000e+00 , Iteration dutation: 0.006625652313232422
INFO 2021-03-04 11:01:16,632 Iteration: 115. Energy -0.9486411121294221.  Energy change 3.331e-16 , Iteration dutation: 0.006630897521972656
INFO 2021-03-04 11:01:16,639 Iteration: 116. Energy -0.9486411121294221.  Energy change 0.000e+00 , Iteration dutation: 0.006589174270629883
INFO 2021-03-04 11:01:16,646 Iteration: 117. Energy -0.948641112129427.  Energy change -4.885e-15 , Iteration dutation: 0.006600379943847656
INFO 2021-03-04 11:01:16,652 Iteration: 118. Energy -0.948641112129427.  Energy change 0.000e+00 , Iteration dutation: 0.0066950321197509766
INFO 2021-03-04 11:01:16,659 Iteration: 119. Energy -0.9486411121294218.  Energy change 5.218e-15 , Iteration dutation: 0.0067098140716552734
INFO 2021-03-04 11:01:16,666 Iteration: 120. Energy -0.9486411121294225.  Energy change -6.661e-16 , Iteration dutation: 0.006635427474975586
INFO 2021-03-04 11:01:16,672 Iteration: 121. Energy -0.9486411121294219.  Energy change 5.551e-16 , Iteration dutation: 0.006705522537231445
INFO 2021-03-04 11:01:16,679 Iteration: 122. Energy -0.9486411121294218.  Energy change 1.110e-16 , Iteration dutation: 0.006809234619140625
INFO 2021-03-04 11:01:16,686 Iteration: 123. Energy -0.9486411121294225.  Energy change -6.661e-16 , Iteration dutation: 0.00661158561706543
INFO 2021-03-04 11:01:16,692 Iteration: 124. Energy -0.9486411121294223.  Energy change 2.220e-16 , Iteration dutation: 0.0066258907318115234
INFO 2021-03-04 11:01:16,699 Iteration: 125. Energy -0.9486411121294221.  Energy change 1.110e-16 , Iteration dutation: 0.006594419479370117
INFO 2021-03-04 11:01:16,706 Iteration: 126. Energy -0.9486411121294223.  Energy change -1.110e-16 , Iteration dutation: 0.006590604782104492
INFO 2021-03-04 11:01:16,719 Iteration: 127. Energy -0.9486411121265631.  Energy change 2.859e-12 , Iteration dutation: 0.006735324859619141
INFO 2021-03-04 11:01:16,726 Iteration: 128. Energy -0.9486411121265071.  Energy change 5.596e-14 , Iteration dutation: 0.013820648193359375
INFO 2021-03-04 11:01:16,732 Iteration: 129. Energy -0.9486411121265071.  Energy change 0.000e+00 , Iteration dutation: 0.006196498870849609
INFO 2021-03-04 11:01:16,739 Iteration: 130. Energy -0.9486411121265629.  Energy change -5.573e-14 , Iteration dutation: 0.006662845611572266
INFO 2021-03-04 11:01:16,746 Iteration: 131. Energy -0.9486411121265629.  Energy change 0.000e+00 , Iteration dutation: 0.006710052490234375
INFO 2021-03-04 11:01:16,752 Iteration: 132. Energy -0.9486411121265624.  Energy change 4.441e-16 , Iteration dutation: 0.006600379943847656
INFO 2021-03-04 11:01:16,759 Iteration: 133. Energy -0.9486411121265624.  Energy change 0.000e+00 , Iteration dutation: 0.006636142730712891
INFO 2021-03-04 11:01:16,765 Iteration: 134. Energy -0.9486411121265624.  Energy change 0.000e+00 , Iteration dutation: 0.006592988967895508
INFO 2021-03-04 11:01:16,772 Iteration: 135. Energy -0.9486411121265624.  Energy change 0.000e+00 , Iteration dutation: 0.006620645523071289
INFO 2021-03-04 11:01:16,779 Iteration: 136. Energy -0.9486411121265629.  Energy change -4.441e-16 , Iteration dutation: 0.006593465805053711
INFO 2021-03-04 11:01:16,785 Iteration: 137. Energy -0.9486411121265629.  Energy change 0.000e+00 , Iteration dutation: 0.0066258907318115234
INFO 2021-03-04 11:01:16,792 Iteration: 138. Energy -0.9486411121265496.  Energy change 1.332e-14 , Iteration dutation: 0.006623983383178711
INFO 2021-03-04 11:01:16,798 Iteration: 139. Energy -0.9486411121265496.  Energy change 0.000e+00 , Iteration dutation: 0.006577253341674805
INFO 2021-03-04 11:01:16,805 Iteration: 140. Energy -0.9486411121265615.  Energy change -1.199e-14 , Iteration dutation: 0.006598711013793945
INFO 2021-03-04 11:01:16,812 Iteration: 141. Energy -0.9486411121265637.  Energy change -2.109e-15 , Iteration dutation: 0.006636857986450195
INFO 2021-03-04 11:01:16,818 Iteration: 142. Energy -0.9486411121265618.  Energy change 1.887e-15 , Iteration dutation: 0.006628990173339844
INFO 2021-03-04 11:01:16,825 Iteration: 143. Energy -0.948641112126562.  Energy change -2.220e-16 , Iteration dutation: 0.006640911102294922
INFO 2021-03-04 11:01:16,832 Iteration: 144. Energy -0.9486411121265639.  Energy change -1.887e-15 , Iteration dutation: 0.006582736968994141
INFO 2021-03-04 11:01:16,838 Iteration: 145. Energy -0.948641112126564.  Energy change -1.110e-16 , Iteration dutation: 0.006631612777709961
INFO 2021-03-04 11:01:16,845 Iteration: 146. Energy -0.9486411121265615.  Energy change 2.442e-15 , Iteration dutation: 0.006596565246582031
INFO 2021-03-04 11:01:16,851 Iteration: 147. Energy -0.9486411121265641.  Energy change -2.554e-15 , Iteration dutation: 0.006630897521972656
INFO 2021-03-04 11:01:16,865 Iteration: 148. Energy -0.9486411121296479.  Energy change -3.084e-12 , Iteration dutation: 0.0066258907318115234
INFO 2021-03-04 11:01:16,871 Iteration: 149. Energy -0.9486411121296474.  Energy change 4.441e-16 , Iteration dutation: 0.013692855834960938
INFO 2021-03-04 11:01:16,878 Iteration: 150. Energy -0.9486411121296474.  Energy change 0.000e+00 , Iteration dutation: 0.0062444210052490234
INFO 2021-03-04 11:01:16,885 Iteration: 151. Energy -0.9486411121296479.  Energy change -4.441e-16 , Iteration dutation: 0.006574869155883789
INFO 2021-03-04 11:01:16,891 Iteration: 152. Energy -0.9486411121296479.  Energy change 0.000e+00 , Iteration dutation: 0.00658416748046875
INFO 2021-03-04 11:01:16,898 Iteration: 153. Energy -0.9486411121296479.  Energy change 0.000e+00 , Iteration dutation: 0.0065915584564208984
INFO 2021-03-04 11:01:16,904 Iteration: 154. Energy -0.9486411121296479.  Energy change 0.000e+00 , Iteration dutation: 0.006584644317626953
INFO 2021-03-04 11:01:16,911 Iteration: 155. Energy -0.9486411121296479.  Energy change 0.000e+00 , Iteration dutation: 0.006720542907714844
INFO 2021-03-04 11:01:16,918 Iteration: 156. Energy -0.9486411121296479.  Energy change 0.000e+00 , Iteration dutation: 0.006628751754760742
INFO 2021-03-04 11:01:16,924 Iteration: 157. Energy -0.9486411121296479.  Energy change 0.000e+00 , Iteration dutation: 0.0067195892333984375
INFO 2021-03-04 11:01:16,931 Iteration: 158. Energy -0.9486411121296479.  Energy change 0.000e+00 , Iteration dutation: 0.006600856781005859
INFO 2021-03-04 11:01:16,938 Iteration: 159. Energy -0.9486411121296485.  Energy change -6.661e-16 , Iteration dutation: 0.006605863571166992
INFO 2021-03-04 11:01:16,944 Iteration: 160. Energy -0.9486411121296485.  Energy change 0.000e+00 , Iteration dutation: 0.006609678268432617
INFO 2021-03-04 11:01:16,951 Iteration: 161. Energy -0.9486411121296477.  Energy change 7.772e-16 , Iteration dutation: 0.006642341613769531
INFO 2021-03-04 11:01:16,958 Iteration: 162. Energy -0.9486411121296479.  Energy change -1.110e-16 , Iteration dutation: 0.0066680908203125
INFO 2021-03-04 11:01:16,964 Iteration: 163. Energy -0.9486411121296477.  Energy change 1.110e-16 , Iteration dutation: 0.006583452224731445
INFO 2021-03-04 11:01:16,971 Iteration: 164. Energy -0.9486411121296474.  Energy change 3.331e-16 , Iteration dutation: 0.006624698638916016
INFO 2021-03-04 11:01:16,977 Iteration: 165. Energy -0.9486411121296479.  Energy change -4.441e-16 , Iteration dutation: 0.006666421890258789
INFO 2021-03-04 11:01:16,984 Iteration: 166. Energy -0.9486411121296483.  Energy change -4.441e-16 , Iteration dutation: 0.0065915584564208984
INFO 2021-03-04 11:01:16,991 Iteration: 167. Energy -0.9486411121296479.  Energy change 4.441e-16 , Iteration dutation: 0.006596565246582031
INFO 2021-03-04 11:01:16,997 Iteration: 168. Energy -0.9486411121296485.  Energy change -6.661e-16 , Iteration dutation: 0.006620645523071289
CRITICAL 2021-03-04 11:01:16,997       fun: -0.9486411121296479
 hess_inv: array([[ 9.99237851e-01, -7.62149368e-04,  2.89902640e-06,
         2.89902640e-06,  1.65870637e-05,  1.65870637e-05,
         1.65870637e-05,  1.65870637e-05,  2.89902640e-06,
         2.89902640e-06, -3.04368028e-04, -3.04368028e-04,
         4.46084311e-03, -4.45503071e-03,  4.50274094e-03,
         4.50565643e-03, -4.45501958e-03, -4.46040079e-03,
         4.51932586e-03, -4.44920396e-03],
       [-7.62149368e-04,  9.99237851e-01,  2.89902640e-06,
         2.89902640e-06,  1.65870637e-05,  1.65870637e-05,
         1.65870637e-05,  1.65870637e-05,  2.89902640e-06,
         2.89902640e-06, -3.04368028e-04, -3.04368028e-04,
         4.46084311e-03, -4.45503071e-03,  4.50274094e-03,
         4.50565643e-03, -4.45501958e-03, -4.46040079e-03,
         4.51932586e-03, -4.44920396e-03],
       [ 2.89902640e-06,  2.89902640e-06,  1.00000000e+00,
         1.79326450e-10, -1.71446550e-07, -1.71446550e-07,
        -1.71446550e-07, -1.71446550e-07,  1.79326450e-10,
         1.79326450e-10,  1.36581252e-06,  1.36581252e-06,
        -3.40656348e-05,  3.40658837e-05, -3.44081941e-05,
        -3.44081410e-05,  3.40657986e-05,  3.41515993e-05,
        -3.45796243e-05,  3.40660225e-05],
       [ 2.89902640e-06,  2.89902640e-06,  1.79326450e-10,
         1.00000000e+00, -1.71446550e-07, -1.71446550e-07,
        -1.71446550e-07, -1.71446550e-07,  1.79326450e-10,
         1.79326450e-10,  1.36581252e-06,  1.36581252e-06,
        -3.40656348e-05,  3.40658837e-05, -3.44081941e-05,
        -3.44081410e-05,  3.40657986e-05,  3.41515993e-05,
        -3.45796243e-05,  3.40660225e-05],
       [ 1.65870637e-05,  1.65870637e-05, -1.71446550e-07,
        -1.71446550e-07,  1.00000069e+00,  6.86668464e-07,
         6.86668464e-07,  6.86668464e-07, -1.71446550e-07,
        -1.71446550e-07,  4.61228824e-06,  4.61228824e-06,
         6.79060441e-05, -6.82487150e-05,  6.87654521e-05,
         6.85942596e-05, -6.82485432e-05, -6.87631185e-05,
         6.94520873e-05, -6.85911652e-05],
       [ 1.65870637e-05,  1.65870637e-05, -1.71446550e-07,
        -1.71446550e-07,  6.86668464e-07,  1.00000069e+00,
         6.86668464e-07,  6.86668464e-07, -1.71446550e-07,
        -1.71446550e-07,  4.61228824e-06,  4.61228824e-06,
         6.79060441e-05, -6.82487150e-05,  6.87654521e-05,
         6.85942596e-05, -6.82485432e-05, -6.87631185e-05,
         6.94520873e-05, -6.85911652e-05],
       [ 1.65870637e-05,  1.65870637e-05, -1.71446550e-07,
        -1.71446550e-07,  6.86668464e-07,  6.86668464e-07,
         1.00000069e+00,  6.86668464e-07, -1.71446550e-07,
        -1.71446550e-07,  4.61228824e-06,  4.61228824e-06,
         6.79060441e-05, -6.82487150e-05,  6.87654521e-05,
         6.85942596e-05, -6.82485432e-05, -6.87631185e-05,
         6.94520873e-05, -6.85911652e-05],
       [ 1.65870637e-05,  1.65870637e-05, -1.71446550e-07,
        -1.71446550e-07,  6.86668464e-07,  6.86668464e-07,
         6.86668464e-07,  1.00000069e+00, -1.71446550e-07,
        -1.71446550e-07,  4.61228824e-06,  4.61228824e-06,
         6.79060441e-05, -6.82487150e-05,  6.87654521e-05,
         6.85942596e-05, -6.82485432e-05, -6.87631185e-05,
         6.94520873e-05, -6.85911652e-05],
       [ 2.89902640e-06,  2.89902640e-06,  1.79326450e-10,
         1.79326450e-10, -1.71446550e-07, -1.71446550e-07,
        -1.71446550e-07, -1.71446550e-07,  1.00000000e+00,
         1.79326450e-10,  1.36581252e-06,  1.36581252e-06,
        -3.40656348e-05,  3.40658837e-05, -3.44081941e-05,
        -3.44081410e-05,  3.40657986e-05,  3.41515993e-05,
        -3.45796243e-05,  3.40660225e-05],
       [ 2.89902640e-06,  2.89902640e-06,  1.79326450e-10,
         1.79326450e-10, -1.71446550e-07, -1.71446550e-07,
        -1.71446550e-07, -1.71446550e-07,  1.79326450e-10,
         1.00000000e+00,  1.36581252e-06,  1.36581252e-06,
        -3.40656348e-05,  3.40658837e-05, -3.44081941e-05,
        -3.44081410e-05,  3.40657986e-05,  3.41515993e-05,
        -3.45796243e-05,  3.40660225e-05],
       [-3.04368028e-04, -3.04368028e-04,  1.36581252e-06,
         1.36581252e-06,  4.61228824e-06,  4.61228824e-06,
         4.61228824e-06,  4.61228824e-06,  1.36581252e-06,
         1.36581252e-06,  9.99882313e-01, -1.17687492e-04,
         1.46470490e-03, -1.46196857e-03,  1.47803564e-03,
         1.47940685e-03, -1.46196492e-03, -1.46290089e-03,
         1.48264723e-03, -1.45922753e-03],
       [-3.04368028e-04, -3.04368028e-04,  1.36581252e-06,
         1.36581252e-06,  4.61228824e-06,  4.61228824e-06,
         4.61228824e-06,  4.61228824e-06,  1.36581252e-06,
         1.36581252e-06, -1.17687492e-04,  9.99882313e-01,
         1.46470490e-03, -1.46196857e-03,  1.47803564e-03,
         1.47940685e-03, -1.46196492e-03, -1.46290089e-03,
         1.48264723e-03, -1.45922753e-03],
       [ 4.46084311e-03,  4.46084311e-03, -3.40656348e-05,
        -3.40656348e-05,  6.79060441e-05,  6.79060441e-05,
         6.79060441e-05,  6.79060441e-05, -3.40656348e-05,
        -3.40656348e-05,  1.46470490e-03,  1.46470490e-03,
         8.88568090e-01,  1.11363822e-01, -1.11398213e-01,
        -1.11432229e-01,  1.11363856e-01,  1.11295878e-01,
        -1.11330314e-01,  1.11295779e-01],
       [-4.45503071e-03, -4.45503071e-03,  3.40658837e-05,
         3.40658837e-05, -6.82487150e-05, -6.82487150e-05,
        -6.82487150e-05, -6.82487150e-05,  3.40658837e-05,
         3.40658837e-05, -1.46196857e-03, -1.46196857e-03,
         1.11363822e-01,  8.88704265e-01,  1.11329441e-01,
         1.11363456e-01, -1.11295769e-01, -1.11227619e-01,
         1.11261199e-01, -1.11227691e-01],
       [ 4.50274094e-03,  4.50274094e-03, -3.44081941e-05,
        -3.44081941e-05,  6.87654521e-05,  6.87654521e-05,
         6.87654521e-05,  6.87654521e-05, -3.44081941e-05,
        -3.44081941e-05,  1.47803564e-03,  1.47803564e-03,
        -1.11398213e-01,  1.11329441e-01,  8.88636174e-01,
        -1.11398184e-01,  1.11329475e-01,  1.11260725e-01,
        -1.11295067e-01,  1.11260712e-01],
       [ 4.50565643e-03,  4.50565643e-03, -3.44081410e-05,
        -3.44081410e-05,  6.85942596e-05,  6.85942596e-05,
         6.85942596e-05,  6.85942596e-05, -3.44081410e-05,
        -3.44081410e-05,  1.47940685e-03,  1.47940685e-03,
        -1.11432229e-01,  1.11363456e-01, -1.11398184e-01,
         8.88567459e-01,  1.11363490e-01,  1.11294826e-01,
        -1.11329596e-01,  1.11294728e-01],
       [-4.45501958e-03, -4.45501958e-03,  3.40657986e-05,
         3.40657986e-05, -6.82485432e-05, -6.82485432e-05,
        -6.82485432e-05, -6.82485432e-05,  3.40657986e-05,
         3.40657986e-05, -1.46196492e-03, -1.46196492e-03,
         1.11363856e-01, -1.11295769e-01,  1.11329475e-01,
         1.11363490e-01,  8.88704197e-01, -1.11227654e-01,
         1.11261233e-01, -1.11227725e-01],
       [-4.46040079e-03, -4.46040079e-03,  3.41515993e-05,
         3.41515993e-05, -6.87631185e-05, -6.87631185e-05,
        -6.87631185e-05, -6.87631185e-05,  3.41515993e-05,
         3.41515993e-05, -1.46290089e-03, -1.46290089e-03,
         1.11295878e-01, -1.11227619e-01,  1.11260725e-01,
         1.11294826e-01, -1.11227654e-01,  8.88840839e-01,
         1.11191968e-01, -1.11159405e-01],
       [ 4.51932586e-03,  4.51932586e-03, -3.45796243e-05,
        -3.45796243e-05,  6.94520873e-05,  6.94520873e-05,
         6.94520873e-05,  6.94520873e-05, -3.45796243e-05,
        -3.45796243e-05,  1.48264723e-03,  1.48264723e-03,
        -1.11330314e-01,  1.11261199e-01, -1.11295067e-01,
        -1.11329596e-01,  1.11261233e-01,  1.11191968e-01,
         8.88774379e-01,  1.11192128e-01],
       [-4.44920396e-03, -4.44920396e-03,  3.40660225e-05,
         3.40660225e-05, -6.85911652e-05, -6.85911652e-05,
        -6.85911652e-05, -6.85911652e-05,  3.40660225e-05,
         3.40660225e-05, -1.45922753e-03, -1.45922753e-03,
         1.11295779e-01, -1.11227691e-01,  1.11260712e-01,
         1.11294728e-01, -1.11227725e-01, -1.11159405e-01,
         1.11192128e-01,  8.88840353e-01]])
      jac: array([ 2.98023224e-08,  2.98023224e-08,  0.00000000e+00,  0.00000000e+00,
        0.00000000e+00,  0.00000000e+00,  0.00000000e+00,  0.00000000e+00,
        0.00000000e+00,  0.00000000e+00, -4.47034836e-08, -4.47034836e-08,
        7.45058060e-09,  0.00000000e+00,  7.45058060e-09,  2.98023224e-08,
        0.00000000e+00, -2.98023224e-08,  0.00000000e+00, -4.47034836e-08])
  message: 'Optimization terminated successfully.'
  n_iters: 169
     nfev: 168
      nit: 5
     njev: 8
   status: 0
  success: True
        x: array([ 4.76986805e-09,  4.76986805e-09, -3.57384967e-08, -3.57384967e-08,
        1.56001593e-08,  1.56001593e-08,  1.56001593e-08,  1.56001593e-08,
       -3.57384967e-08, -3.57384967e-08, -1.80480160e-08, -1.80480160e-08,
        7.08212191e-02, -7.08213277e-02,  7.08212695e-02,  7.08212902e-02,
       -7.08213103e-02, -7.08213209e-02,  7.08213041e-02, -7.08213003e-02])
