INFO 2021-03-10 16:24:26,089 Calculating excitation generators
INFO 2021-03-10 16:24:29,089 -----Running VQE for: H2-----
-----Number of electrons: 2-----
-----Number of orbitals: 4-----
-----Numeber of ansatz elements: 20-----
-----Statevector and energy calculated using <class 'src.backends.MatrixCacheBackend'>------
-----Optimizer BFGS------

INFO 2021-03-10 16:24:29,105 Iteration: 1. Energy -1.1169989967389087.  Energy change 2.220e-16 , Iteration dutation: 0.00023698806762695312
INFO 2021-03-10 16:24:29,112 Iteration: 2. Energy -1.116998996738908.  Energy change 6.661e-16 , Iteration dutation: 0.015949010848999023
INFO 2021-03-10 16:24:29,119 Iteration: 3. Energy -1.116998996738908.  Energy change 0.000e+00 , Iteration dutation: 0.006885051727294922
INFO 2021-03-10 16:24:29,126 Iteration: 4. Energy -1.1169989967389082.  Energy change -2.220e-16 , Iteration dutation: 0.0071184635162353516
INFO 2021-03-10 16:24:29,133 Iteration: 5. Energy -1.1169989967389082.  Energy change 0.000e+00 , Iteration dutation: 0.007020235061645508
INFO 2021-03-10 16:24:29,140 Iteration: 6. Energy -1.1169989967389085.  Energy change -2.220e-16 , Iteration dutation: 0.006802558898925781
INFO 2021-03-10 16:24:29,146 Iteration: 7. Energy -1.1169989967389085.  Energy change 0.000e+00 , Iteration dutation: 0.006764888763427734
INFO 2021-03-10 16:24:29,154 Iteration: 8. Energy -1.1169989967389085.  Energy change 0.000e+00 , Iteration dutation: 0.006776332855224609
INFO 2021-03-10 16:24:29,161 Iteration: 9. Energy -1.1169989967389085.  Energy change 0.000e+00 , Iteration dutation: 0.00800943374633789
INFO 2021-03-10 16:24:29,168 Iteration: 10. Energy -1.1169989967389082.  Energy change 2.220e-16 , Iteration dutation: 0.006941795349121094
INFO 2021-03-10 16:24:29,175 Iteration: 11. Energy -1.1169989967389082.  Energy change 0.000e+00 , Iteration dutation: 0.0067942142486572266
INFO 2021-03-10 16:24:29,182 Iteration: 12. Energy -1.116998996738908.  Energy change 2.220e-16 , Iteration dutation: 0.006770610809326172
INFO 2021-03-10 16:24:29,189 Iteration: 13. Energy -1.116998996738908.  Energy change 0.000e+00 , Iteration dutation: 0.006863832473754883
INFO 2021-03-10 16:24:29,195 Iteration: 14. Energy -1.116999002131078.  Energy change -5.392e-09 , Iteration dutation: 0.006792545318603516
INFO 2021-03-10 16:24:29,202 Iteration: 15. Energy -1.1169989913467382.  Energy change 1.078e-08 , Iteration dutation: 0.006792306900024414
INFO 2021-03-10 16:24:29,209 Iteration: 16. Energy -1.116999002131078.  Energy change -1.078e-08 , Iteration dutation: 0.006806373596191406
INFO 2021-03-10 16:24:29,216 Iteration: 17. Energy -1.116999002131078.  Energy change 0.000e+00 , Iteration dutation: 0.0067691802978515625
INFO 2021-03-10 16:24:29,223 Iteration: 18. Energy -1.1169989913467382.  Energy change 1.078e-08 , Iteration dutation: 0.006766080856323242
INFO 2021-03-10 16:24:29,229 Iteration: 19. Energy -1.1169989913467382.  Energy change 0.000e+00 , Iteration dutation: 0.0068891048431396484
INFO 2021-03-10 16:24:29,236 Iteration: 20. Energy -1.116999002131078.  Energy change -1.078e-08 , Iteration dutation: 0.0067539215087890625
INFO 2021-03-10 16:24:29,243 Iteration: 21. Energy -1.1169989913467382.  Energy change 1.078e-08 , Iteration dutation: 0.0067899227142333984
INFO 2021-03-10 16:24:29,260 Iteration: 22. Energy -0.8936738390275593.  Energy change 2.233e-01 , Iteration dutation: 0.007304191589355469
INFO 2021-03-10 16:24:29,267 Iteration: 23. Energy -0.8936738390275616.  Energy change -2.331e-15 , Iteration dutation: 0.016811370849609375
INFO 2021-03-10 16:24:29,275 Iteration: 24. Energy -0.8936738390275616.  Energy change 0.000e+00 , Iteration dutation: 0.007218360900878906
INFO 2021-03-10 16:24:29,282 Iteration: 25. Energy -0.8936738390275595.  Energy change 2.109e-15 , Iteration dutation: 0.0072743892669677734
INFO 2021-03-10 16:24:29,293 Iteration: 26. Energy -0.8936738390275595.  Energy change 0.000e+00 , Iteration dutation: 0.007180452346801758
INFO 2021-03-10 16:24:29,305 Iteration: 27. Energy -0.8936738390275596.  Energy change -1.110e-16 , Iteration dutation: 0.011321783065795898
INFO 2021-03-10 16:24:29,323 Iteration: 28. Energy -0.8936738390275596.  Energy change 0.000e+00 , Iteration dutation: 0.01221013069152832
INFO 2021-03-10 16:24:29,332 Iteration: 29. Energy -0.8936738390275596.  Energy change 0.000e+00 , Iteration dutation: 0.017772436141967773
INFO 2021-03-10 16:24:29,340 Iteration: 30. Energy -0.8936738390275596.  Energy change 0.000e+00 , Iteration dutation: 0.008446693420410156
INFO 2021-03-10 16:24:29,347 Iteration: 31. Energy -0.8936738390275595.  Energy change 1.110e-16 , Iteration dutation: 0.008577585220336914
INFO 2021-03-10 16:24:29,354 Iteration: 32. Energy -0.8936738390275595.  Energy change 0.000e+00 , Iteration dutation: 0.006838560104370117
INFO 2021-03-10 16:24:29,361 Iteration: 33. Energy -0.8936738390275621.  Energy change -2.665e-15 , Iteration dutation: 0.006806850433349609
INFO 2021-03-10 16:24:29,368 Iteration: 34. Energy -0.8936738390275621.  Energy change 0.000e+00 , Iteration dutation: 0.0069959163665771484
INFO 2021-03-10 16:24:29,375 Iteration: 35. Energy -0.8936738563626694.  Energy change -1.734e-08 , Iteration dutation: 0.006899356842041016
INFO 2021-03-10 16:24:29,381 Iteration: 36. Energy -0.8936738216924494.  Energy change 3.467e-08 , Iteration dutation: 0.006905317306518555
INFO 2021-03-10 16:24:29,388 Iteration: 37. Energy -0.8936738563626688.  Energy change -3.467e-08 , Iteration dutation: 0.006759166717529297
INFO 2021-03-10 16:24:29,395 Iteration: 38. Energy -0.8936738563626693.  Energy change -4.441e-16 , Iteration dutation: 0.006783008575439453
INFO 2021-03-10 16:24:29,402 Iteration: 39. Energy -0.8936738216924489.  Energy change 3.467e-08 , Iteration dutation: 0.006827354431152344
INFO 2021-03-10 16:24:29,409 Iteration: 40. Energy -0.8936738216924489.  Energy change 0.000e+00 , Iteration dutation: 0.00675654411315918
INFO 2021-03-10 16:24:29,416 Iteration: 41. Energy -0.8936738563626693.  Energy change -3.467e-08 , Iteration dutation: 0.006787300109863281
INFO 2021-03-10 16:24:29,422 Iteration: 42. Energy -0.8936738216924489.  Energy change 3.467e-08 , Iteration dutation: 0.0069544315338134766
INFO 2021-03-10 16:24:29,436 Iteration: 43. Energy -1.0941322080672933.  Energy change -2.005e-01 , Iteration dutation: 0.006794929504394531
INFO 2021-03-10 16:24:29,443 Iteration: 44. Energy -1.094132208067293.  Energy change 2.220e-16 , Iteration dutation: 0.014165639877319336
INFO 2021-03-10 16:24:29,450 Iteration: 45. Energy -1.094132208067293.  Energy change 0.000e+00 , Iteration dutation: 0.006376981735229492
INFO 2021-03-10 16:24:29,456 Iteration: 46. Energy -1.094132208067293.  Energy change 0.000e+00 , Iteration dutation: 0.006733894348144531
INFO 2021-03-10 16:24:29,463 Iteration: 47. Energy -1.094132208067293.  Energy change 0.000e+00 , Iteration dutation: 0.006722211837768555
INFO 2021-03-10 16:24:29,471 Iteration: 48. Energy -1.0941322080672933.  Energy change -2.220e-16 , Iteration dutation: 0.006840229034423828
INFO 2021-03-10 16:24:29,478 Iteration: 49. Energy -1.0941322080672933.  Energy change 0.000e+00 , Iteration dutation: 0.00748443603515625
INFO 2021-03-10 16:24:29,485 Iteration: 50. Energy -1.0941322080672933.  Energy change 0.000e+00 , Iteration dutation: 0.0071866512298583984
INFO 2021-03-10 16:24:29,492 Iteration: 51. Energy -1.0941322080672933.  Energy change 0.000e+00 , Iteration dutation: 0.007257699966430664
INFO 2021-03-10 16:24:29,499 Iteration: 52. Energy -1.094132208067293.  Energy change 2.220e-16 , Iteration dutation: 0.007179737091064453
INFO 2021-03-10 16:24:29,507 Iteration: 53. Energy -1.094132208067293.  Energy change 0.000e+00 , Iteration dutation: 0.007067441940307617
INFO 2021-03-10 16:24:29,514 Iteration: 54. Energy -1.094132208067293.  Energy change 0.000e+00 , Iteration dutation: 0.007158517837524414
INFO 2021-03-10 16:24:29,521 Iteration: 55. Energy -1.094132208067293.  Energy change 0.000e+00 , Iteration dutation: 0.00709986686706543
INFO 2021-03-10 16:24:29,528 Iteration: 56. Energy -1.0941322002609386.  Energy change 7.806e-09 , Iteration dutation: 0.007036924362182617
INFO 2021-03-10 16:24:29,535 Iteration: 57. Energy -1.0941322158736484.  Energy change -1.561e-08 , Iteration dutation: 0.00707244873046875
INFO 2021-03-10 16:24:29,542 Iteration: 58. Energy -1.0941322002609386.  Energy change 1.561e-08 , Iteration dutation: 0.0070760250091552734
INFO 2021-03-10 16:24:29,549 Iteration: 59. Energy -1.0941322002609386.  Energy change 0.000e+00 , Iteration dutation: 0.00717473030090332
INFO 2021-03-10 16:24:29,556 Iteration: 60. Energy -1.0941322158736484.  Energy change -1.561e-08 , Iteration dutation: 0.007256269454956055
INFO 2021-03-10 16:24:29,564 Iteration: 61. Energy -1.0941322158736484.  Energy change 0.000e+00 , Iteration dutation: 0.0072133541107177734
INFO 2021-03-10 16:24:29,571 Iteration: 62. Energy -1.0941322002609382.  Energy change 1.561e-08 , Iteration dutation: 0.007143735885620117
INFO 2021-03-10 16:24:29,578 Iteration: 63. Energy -1.0941322158736482.  Energy change -1.561e-08 , Iteration dutation: 0.007199525833129883
INFO 2021-03-10 16:24:29,593 Iteration: 64. Energy -1.1373058739079007.  Energy change -4.317e-02 , Iteration dutation: 0.0071163177490234375
INFO 2021-03-10 16:24:29,599 Iteration: 65. Energy -1.1373058739079005.  Energy change 2.220e-16 , Iteration dutation: 0.01491856575012207
INFO 2021-03-10 16:24:29,607 Iteration: 66. Energy -1.1373058739079005.  Energy change 0.000e+00 , Iteration dutation: 0.006632804870605469
INFO 2021-03-10 16:24:29,614 Iteration: 67. Energy -1.1373058739079007.  Energy change -2.220e-16 , Iteration dutation: 0.00708317756652832
INFO 2021-03-10 16:24:29,621 Iteration: 68. Energy -1.1373058739079007.  Energy change 0.000e+00 , Iteration dutation: 0.007119655609130859
INFO 2021-03-10 16:24:29,628 Iteration: 69. Energy -1.1373058739079007.  Energy change 0.000e+00 , Iteration dutation: 0.007108449935913086
INFO 2021-03-10 16:24:29,635 Iteration: 70. Energy -1.1373058739079007.  Energy change 0.000e+00 , Iteration dutation: 0.007296323776245117
INFO 2021-03-10 16:24:29,642 Iteration: 71. Energy -1.1373058739079007.  Energy change 0.000e+00 , Iteration dutation: 0.006998777389526367
INFO 2021-03-10 16:24:29,649 Iteration: 72. Energy -1.1373058739079007.  Energy change 0.000e+00 , Iteration dutation: 0.006752729415893555
INFO 2021-03-10 16:24:29,655 Iteration: 73. Energy -1.1373058739079007.  Energy change 0.000e+00 , Iteration dutation: 0.00673675537109375
INFO 2021-03-10 16:24:29,662 Iteration: 74. Energy -1.1373058739079007.  Energy change 0.000e+00 , Iteration dutation: 0.006754159927368164
INFO 2021-03-10 16:24:29,669 Iteration: 75. Energy -1.1373058739079003.  Energy change 4.441e-16 , Iteration dutation: 0.0067708492279052734
INFO 2021-03-10 16:24:29,676 Iteration: 76. Energy -1.1373058739079003.  Energy change 0.000e+00 , Iteration dutation: 0.006868600845336914
INFO 2021-03-10 16:24:29,683 Iteration: 77. Energy -1.1373058739232194.  Energy change -1.532e-11 , Iteration dutation: 0.006898164749145508
INFO 2021-03-10 16:24:29,689 Iteration: 78. Energy -1.1373058738925828.  Energy change 3.064e-11 , Iteration dutation: 0.0067615509033203125
INFO 2021-03-10 16:24:29,696 Iteration: 79. Energy -1.1373058739232194.  Energy change -3.064e-11 , Iteration dutation: 0.006779193878173828
INFO 2021-03-10 16:24:29,703 Iteration: 80. Energy -1.1373058739232194.  Energy change 0.000e+00 , Iteration dutation: 0.0068318843841552734
INFO 2021-03-10 16:24:29,710 Iteration: 81. Energy -1.1373058738925828.  Energy change 3.064e-11 , Iteration dutation: 0.006776332855224609
INFO 2021-03-10 16:24:29,717 Iteration: 82. Energy -1.1373058738925828.  Energy change 0.000e+00 , Iteration dutation: 0.006961345672607422
INFO 2021-03-10 16:24:29,724 Iteration: 83. Energy -1.1373058739232187.  Energy change -3.064e-11 , Iteration dutation: 0.006807565689086914
INFO 2021-03-10 16:24:29,730 Iteration: 84. Energy -1.1373058738925823.  Energy change 3.064e-11 , Iteration dutation: 0.006743431091308594
INFO 2021-03-10 16:24:29,744 Iteration: 85. Energy -1.1373060357419007.  Energy change -1.618e-07 , Iteration dutation: 0.006861209869384766
INFO 2021-03-10 16:24:29,751 Iteration: 86. Energy -1.137306035741902.  Energy change -1.332e-15 , Iteration dutation: 0.014129877090454102
INFO 2021-03-10 16:24:29,758 Iteration: 87. Energy -1.137306035741902.  Energy change 0.000e+00 , Iteration dutation: 0.006318569183349609
INFO 2021-03-10 16:24:29,765 Iteration: 88. Energy -1.137306035741901.  Energy change 1.110e-15 , Iteration dutation: 0.006970643997192383
INFO 2021-03-10 16:24:29,771 Iteration: 89. Energy -1.137306035741901.  Energy change 0.000e+00 , Iteration dutation: 0.006732463836669922
INFO 2021-03-10 16:24:29,778 Iteration: 90. Energy -1.137306035741901.  Energy change 0.000e+00 , Iteration dutation: 0.006739139556884766
INFO 2021-03-10 16:24:29,785 Iteration: 91. Energy -1.137306035741901.  Energy change 0.000e+00 , Iteration dutation: 0.00679326057434082
INFO 2021-03-10 16:24:29,792 Iteration: 92. Energy -1.137306035741901.  Energy change 0.000e+00 , Iteration dutation: 0.006722450256347656
INFO 2021-03-10 16:24:29,798 Iteration: 93. Energy -1.137306035741901.  Energy change 0.000e+00 , Iteration dutation: 0.0067005157470703125
INFO 2021-03-10 16:24:29,805 Iteration: 94. Energy -1.137306035741901.  Energy change 0.000e+00 , Iteration dutation: 0.006700754165649414
INFO 2021-03-10 16:24:29,812 Iteration: 95. Energy -1.137306035741901.  Energy change 0.000e+00 , Iteration dutation: 0.0071868896484375
INFO 2021-03-10 16:24:29,820 Iteration: 96. Energy -1.137306035741904.  Energy change -3.109e-15 , Iteration dutation: 0.0070095062255859375
INFO 2021-03-10 16:24:29,827 Iteration: 97. Energy -1.137306035741904.  Energy change 0.000e+00 , Iteration dutation: 0.007174015045166016
INFO 2021-03-10 16:24:29,833 Iteration: 98. Energy -1.1373060357417721.  Energy change 1.319e-13 , Iteration dutation: 0.007043123245239258
INFO 2021-03-10 16:24:29,840 Iteration: 99. Energy -1.137306035742029.  Energy change -2.569e-13 , Iteration dutation: 0.006735324859619141
INFO 2021-03-10 16:24:29,847 Iteration: 100. Energy -1.1373060357417721.  Energy change 2.569e-13 , Iteration dutation: 0.006963968276977539
INFO 2021-03-10 16:24:29,854 Iteration: 101. Energy -1.1373060357417717.  Energy change 4.441e-16 , Iteration dutation: 0.006807804107666016
INFO 2021-03-10 16:24:29,861 Iteration: 102. Energy -1.137306035742029.  Energy change -2.573e-13 , Iteration dutation: 0.006747722625732422
INFO 2021-03-10 16:24:29,867 Iteration: 103. Energy -1.137306035742029.  Energy change 0.000e+00 , Iteration dutation: 0.0067596435546875
INFO 2021-03-10 16:24:29,874 Iteration: 104. Energy -1.1373060357417717.  Energy change 2.573e-13 , Iteration dutation: 0.006748199462890625
INFO 2021-03-10 16:24:29,881 Iteration: 105. Energy -1.137306035742029.  Energy change -2.573e-13 , Iteration dutation: 0.006754398345947266
INFO 2021-03-10 16:24:29,895 Iteration: 106. Energy -1.1373060357530012.  Energy change -1.097e-11 , Iteration dutation: 0.006847381591796875
INFO 2021-03-10 16:24:29,902 Iteration: 107. Energy -1.1373060357529925.  Energy change 8.660e-15 , Iteration dutation: 0.014254093170166016
INFO 2021-03-10 16:24:29,909 Iteration: 108. Energy -1.1373060357529925.  Energy change 0.000e+00 , Iteration dutation: 0.006399393081665039
INFO 2021-03-10 16:24:29,916 Iteration: 109. Energy -1.1373060357530012.  Energy change -8.660e-15 , Iteration dutation: 0.0069332122802734375
INFO 2021-03-10 16:24:29,922 Iteration: 110. Energy -1.1373060357530012.  Energy change 0.000e+00 , Iteration dutation: 0.007035493850708008
INFO 2021-03-10 16:24:29,929 Iteration: 111. Energy -1.1373060357530012.  Energy change 0.000e+00 , Iteration dutation: 0.0068035125732421875
INFO 2021-03-10 16:24:29,936 Iteration: 112. Energy -1.1373060357530012.  Energy change 0.000e+00 , Iteration dutation: 0.006740570068359375
INFO 2021-03-10 16:24:29,943 Iteration: 113. Energy -1.1373060357530012.  Energy change 0.000e+00 , Iteration dutation: 0.006830453872680664
INFO 2021-03-10 16:24:29,949 Iteration: 114. Energy -1.1373060357530012.  Energy change 0.000e+00 , Iteration dutation: 0.0067234039306640625
INFO 2021-03-10 16:24:29,956 Iteration: 115. Energy -1.1373060357530012.  Energy change 0.000e+00 , Iteration dutation: 0.0067675113677978516
INFO 2021-03-10 16:24:29,963 Iteration: 116. Energy -1.1373060357530012.  Energy change 0.000e+00 , Iteration dutation: 0.006752729415893555
INFO 2021-03-10 16:24:29,970 Iteration: 117. Energy -1.1373060357529778.  Energy change 2.331e-14 , Iteration dutation: 0.006726503372192383
INFO 2021-03-10 16:24:29,976 Iteration: 118. Energy -1.1373060357529778.  Energy change 0.000e+00 , Iteration dutation: 0.006692171096801758
INFO 2021-03-10 16:24:29,983 Iteration: 119. Energy -1.1373060357530007.  Energy change -2.287e-14 , Iteration dutation: 0.006720304489135742
INFO 2021-03-10 16:24:29,990 Iteration: 120. Energy -1.1373060357530003.  Energy change 4.441e-16 , Iteration dutation: 0.0067157745361328125
INFO 2021-03-10 16:24:29,997 Iteration: 121. Energy -1.1373060357530003.  Energy change 0.000e+00 , Iteration dutation: 0.006728172302246094
INFO 2021-03-10 16:24:30,003 Iteration: 122. Energy -1.1373060357530007.  Energy change -4.441e-16 , Iteration dutation: 0.006857633590698242
INFO 2021-03-10 16:24:30,010 Iteration: 123. Energy -1.1373060357530003.  Energy change 4.441e-16 , Iteration dutation: 0.0067462921142578125
INFO 2021-03-10 16:24:30,017 Iteration: 124. Energy -1.1373060357530005.  Energy change -2.220e-16 , Iteration dutation: 0.00674128532409668
INFO 2021-03-10 16:24:30,024 Iteration: 125. Energy -1.1373060357530007.  Energy change -2.220e-16 , Iteration dutation: 0.006783485412597656
INFO 2021-03-10 16:24:30,031 Iteration: 126. Energy -1.1373060357530007.  Energy change 0.000e+00 , Iteration dutation: 0.006741762161254883
INFO 2021-03-10 16:24:30,046 Iteration: 127. Energy -1.1373060357377418.  Energy change 1.526e-11 , Iteration dutation: 0.00697016716003418
INFO 2021-03-10 16:24:30,052 Iteration: 128. Energy -1.137306035737794.  Energy change -5.218e-14 , Iteration dutation: 0.015079259872436523
INFO 2021-03-10 16:24:30,059 Iteration: 129. Energy -1.137306035737794.  Energy change 0.000e+00 , Iteration dutation: 0.006654977798461914
INFO 2021-03-10 16:24:30,067 Iteration: 130. Energy -1.1373060357377414.  Energy change 5.262e-14 , Iteration dutation: 0.0070340633392333984
INFO 2021-03-10 16:24:30,074 Iteration: 131. Energy -1.1373060357377414.  Energy change 0.000e+00 , Iteration dutation: 0.0072100162506103516
INFO 2021-03-10 16:24:30,081 Iteration: 132. Energy -1.1373060357377414.  Energy change 0.000e+00 , Iteration dutation: 0.007084369659423828
INFO 2021-03-10 16:24:30,088 Iteration: 133. Energy -1.1373060357377414.  Energy change 0.000e+00 , Iteration dutation: 0.007025480270385742
INFO 2021-03-10 16:24:30,095 Iteration: 134. Energy -1.1373060357377414.  Energy change 0.000e+00 , Iteration dutation: 0.007090330123901367
INFO 2021-03-10 16:24:30,101 Iteration: 135. Energy -1.1373060357377414.  Energy change 0.000e+00 , Iteration dutation: 0.006769895553588867
INFO 2021-03-10 16:24:30,108 Iteration: 136. Energy -1.1373060357377414.  Energy change 0.000e+00 , Iteration dutation: 0.006742238998413086
INFO 2021-03-10 16:24:30,115 Iteration: 137. Energy -1.1373060357377414.  Energy change 0.000e+00 , Iteration dutation: 0.006837129592895508
INFO 2021-03-10 16:24:30,122 Iteration: 138. Energy -1.1373060357378986.  Energy change -1.572e-13 , Iteration dutation: 0.006776094436645508
INFO 2021-03-10 16:24:30,129 Iteration: 139. Energy -1.1373060357378986.  Energy change 0.000e+00 , Iteration dutation: 0.0067291259765625
INFO 2021-03-10 16:24:30,135 Iteration: 140. Energy -1.137306035737771.  Energy change 1.277e-13 , Iteration dutation: 0.006791830062866211
INFO 2021-03-10 16:24:30,142 Iteration: 141. Energy -1.1373060357377132.  Energy change 5.773e-14 , Iteration dutation: 0.006750345230102539
INFO 2021-03-10 16:24:30,149 Iteration: 142. Energy -1.1373060357377711.  Energy change -5.795e-14 , Iteration dutation: 0.006842613220214844
INFO 2021-03-10 16:24:30,156 Iteration: 143. Energy -1.137306035737771.  Energy change 2.220e-16 , Iteration dutation: 0.0067653656005859375
INFO 2021-03-10 16:24:30,163 Iteration: 144. Energy -1.1373060357377127.  Energy change 5.818e-14 , Iteration dutation: 0.006749391555786133
INFO 2021-03-10 16:24:30,169 Iteration: 145. Energy -1.1373060357377123.  Energy change 4.441e-16 , Iteration dutation: 0.006890296936035156
INFO 2021-03-10 16:24:30,176 Iteration: 146. Energy -1.1373060357377707.  Energy change -5.840e-14 , Iteration dutation: 0.006747722625732422
INFO 2021-03-10 16:24:30,183 Iteration: 147. Energy -1.1373060357377127.  Energy change 5.795e-14 , Iteration dutation: 0.006926774978637695
INFO 2021-03-10 16:24:30,198 Iteration: 148. Energy -1.1373060357533307.  Energy change -1.562e-11 , Iteration dutation: 0.007025003433227539
INFO 2021-03-10 16:24:30,204 Iteration: 149. Energy -1.13730603575333.  Energy change 6.661e-16 , Iteration dutation: 0.01444864273071289
INFO 2021-03-10 16:24:30,211 Iteration: 150. Energy -1.13730603575333.  Energy change 0.000e+00 , Iteration dutation: 0.0064697265625
INFO 2021-03-10 16:24:30,218 Iteration: 151. Energy -1.1373060357533307.  Energy change -6.661e-16 , Iteration dutation: 0.006714582443237305
INFO 2021-03-10 16:24:30,224 Iteration: 152. Energy -1.1373060357533307.  Energy change 0.000e+00 , Iteration dutation: 0.006711006164550781
INFO 2021-03-10 16:24:30,231 Iteration: 153. Energy -1.1373060357533307.  Energy change 0.000e+00 , Iteration dutation: 0.00674891471862793
INFO 2021-03-10 16:24:30,238 Iteration: 154. Energy -1.1373060357533307.  Energy change 0.000e+00 , Iteration dutation: 0.006712436676025391
INFO 2021-03-10 16:24:30,249 Iteration: 155. Energy -1.1373060357533307.  Energy change 0.000e+00 , Iteration dutation: 0.0069310665130615234
INFO 2021-03-10 16:24:30,260 Iteration: 156. Energy -1.1373060357533307.  Energy change 0.000e+00 , Iteration dutation: 0.010770797729492188
INFO 2021-03-10 16:24:30,271 Iteration: 157. Energy -1.1373060357533307.  Energy change 0.000e+00 , Iteration dutation: 0.01114511489868164
INFO 2021-03-10 16:24:30,282 Iteration: 158. Energy -1.1373060357533307.  Energy change 0.000e+00 , Iteration dutation: 0.011319398880004883
INFO 2021-03-10 16:24:30,291 Iteration: 159. Energy -1.1373060357533296.  Energy change 1.110e-15 , Iteration dutation: 0.01119232177734375
INFO 2021-03-10 16:24:30,300 Iteration: 160. Energy -1.1373060357533296.  Energy change 0.000e+00 , Iteration dutation: 0.008577108383178711
INFO 2021-03-10 16:24:30,307 Iteration: 161. Energy -1.1373060357533333.  Energy change -3.775e-15 , Iteration dutation: 0.008868694305419922
INFO 2021-03-10 16:24:30,314 Iteration: 162. Energy -1.137306035753327.  Energy change 6.439e-15 , Iteration dutation: 0.007250547409057617
INFO 2021-03-10 16:24:30,321 Iteration: 163. Energy -1.1373060357533333.  Energy change -6.439e-15 , Iteration dutation: 0.007159233093261719
INFO 2021-03-10 16:24:30,328 Iteration: 164. Energy -1.1373060357533336.  Energy change -2.220e-16 , Iteration dutation: 0.007092475891113281
INFO 2021-03-10 16:24:30,335 Iteration: 165. Energy -1.137306035753327.  Energy change 6.661e-15 , Iteration dutation: 0.007063388824462891
INFO 2021-03-10 16:24:30,343 Iteration: 166. Energy -1.137306035753327.  Energy change 0.000e+00 , Iteration dutation: 0.007065534591674805
INFO 2021-03-10 16:24:30,350 Iteration: 167. Energy -1.1373060357533338.  Energy change -6.883e-15 , Iteration dutation: 0.007190227508544922
INFO 2021-03-10 16:24:30,357 Iteration: 168. Energy -1.137306035753327.  Energy change 6.883e-15 , Iteration dutation: 0.007055759429931641
INFO 2021-03-10 16:24:30,371 Iteration: 169. Energy -1.137306035753337.  Energy change -1.021e-14 , Iteration dutation: 0.007186174392700195
INFO 2021-03-10 16:24:30,378 Iteration: 170. Energy -1.1373060357533384.  Energy change -1.332e-15 , Iteration dutation: 0.01444101333618164
INFO 2021-03-10 16:24:30,384 Iteration: 171. Energy -1.1373060357533384.  Energy change 0.000e+00 , Iteration dutation: 0.006348371505737305
INFO 2021-03-10 16:24:30,391 Iteration: 172. Energy -1.137306035753337.  Energy change 1.332e-15 , Iteration dutation: 0.006712436676025391
INFO 2021-03-10 16:24:30,398 Iteration: 173. Energy -1.137306035753337.  Energy change 0.000e+00 , Iteration dutation: 0.006735563278198242
INFO 2021-03-10 16:24:30,405 Iteration: 174. Energy -1.137306035753337.  Energy change 0.000e+00 , Iteration dutation: 0.00684356689453125
INFO 2021-03-10 16:24:30,412 Iteration: 175. Energy -1.137306035753337.  Energy change 0.000e+00 , Iteration dutation: 0.006752490997314453
INFO 2021-03-10 16:24:30,418 Iteration: 176. Energy -1.137306035753337.  Energy change 0.000e+00 , Iteration dutation: 0.0068514347076416016
INFO 2021-03-10 16:24:30,425 Iteration: 177. Energy -1.137306035753337.  Energy change 0.000e+00 , Iteration dutation: 0.0067446231842041016
INFO 2021-03-10 16:24:30,432 Iteration: 178. Energy -1.137306035753337.  Energy change 0.000e+00 , Iteration dutation: 0.006737232208251953
INFO 2021-03-10 16:24:30,439 Iteration: 179. Energy -1.137306035753337.  Energy change 0.000e+00 , Iteration dutation: 0.006813764572143555
INFO 2021-03-10 16:24:30,445 Iteration: 180. Energy -1.1373060357533369.  Energy change 2.220e-16 , Iteration dutation: 0.006739616394042969
INFO 2021-03-10 16:24:30,452 Iteration: 181. Energy -1.1373060357533369.  Energy change 0.000e+00 , Iteration dutation: 0.006818532943725586
INFO 2021-03-10 16:24:30,459 Iteration: 182. Energy -1.1373060357533376.  Energy change -6.661e-16 , Iteration dutation: 0.006747722625732422
INFO 2021-03-10 16:24:30,466 Iteration: 183. Energy -1.1373060357533369.  Energy change 6.661e-16 , Iteration dutation: 0.0067980289459228516
INFO 2021-03-10 16:24:30,473 Iteration: 184. Energy -1.1373060357533376.  Energy change -6.661e-16 , Iteration dutation: 0.0067598819732666016
INFO 2021-03-10 16:24:30,479 Iteration: 185. Energy -1.137306035753337.  Energy change 4.441e-16 , Iteration dutation: 0.007008790969848633
INFO 2021-03-10 16:24:30,486 Iteration: 186. Energy -1.1373060357533367.  Energy change 4.441e-16 , Iteration dutation: 0.006738424301147461
INFO 2021-03-10 16:24:30,493 Iteration: 187. Energy -1.1373060357533367.  Energy change 0.000e+00 , Iteration dutation: 0.006734132766723633
INFO 2021-03-10 16:24:30,500 Iteration: 188. Energy -1.137306035753337.  Energy change -4.441e-16 , Iteration dutation: 0.006760120391845703
INFO 2021-03-10 16:24:30,507 Iteration: 189. Energy -1.1373060357533367.  Energy change 4.441e-16 , Iteration dutation: 0.006789445877075195
CRITICAL 2021-03-10 16:24:30,507       fun: -1.137306035753337
 hess_inv: array([[ 9.50134862e-01, -4.98651384e-02, -5.50403511e-05,
        -5.50403511e-05, -5.50406998e-05, -5.50406998e-05,
        -5.50406998e-05, -5.50406998e-05, -5.50403511e-05,
        -5.50403511e-05, -1.39084453e-01, -1.39084453e-01,
         1.60619379e-03, -1.95079419e-03, -1.17884033e-03,
         1.25184769e-04, -1.95079419e-03, -5.58277131e-04,
        -1.46590993e-03,  8.34237541e-04],
       [-4.98651384e-02,  9.50134862e-01, -5.50403511e-05,
        -5.50403511e-05, -5.50406998e-05, -5.50406998e-05,
        -5.50406998e-05, -5.50406998e-05, -5.50403511e-05,
        -5.50403511e-05, -1.39084453e-01, -1.39084453e-01,
         1.60619379e-03, -1.95079419e-03, -1.17884033e-03,
         1.25184769e-04, -1.95079419e-03, -5.58277131e-04,
        -1.46590993e-03,  8.34237541e-04],
       [-5.50403511e-05, -5.50403511e-05,  1.00000061e+00,
         6.13049635e-07,  6.13056072e-07,  6.13056072e-07,
         6.13056072e-07,  6.13056072e-07,  6.13049635e-07,
         6.13049635e-07, -1.18644616e-04, -1.18644616e-04,
        -3.62903763e-05, -1.79698189e-05, -3.77891663e-05,
        -2.76859561e-05, -1.79698189e-05, -1.72204238e-05,
        -1.78574065e-05, -1.64723592e-05],
       [-5.50403511e-05, -5.50403511e-05,  6.13049635e-07,
         1.00000061e+00,  6.13056072e-07,  6.13056072e-07,
         6.13056072e-07,  6.13056072e-07,  6.13049635e-07,
         6.13049635e-07, -1.18644616e-04, -1.18644616e-04,
        -3.62903763e-05, -1.79698189e-05, -3.77891663e-05,
        -2.76859561e-05, -1.79698189e-05, -1.72204238e-05,
        -1.78574065e-05, -1.64723592e-05],
       [-5.50406998e-05, -5.50406998e-05,  6.13056072e-07,
         6.13056072e-07,  1.00000061e+00,  6.13062509e-07,
         6.13062509e-07,  6.13062509e-07,  6.13056072e-07,
         6.13056072e-07, -1.18644868e-04, -1.18644868e-04,
        -3.62959851e-05, -1.79653002e-05, -3.77947603e-05,
        -2.76913522e-05, -1.79653002e-05, -1.72159126e-05,
        -1.78625769e-05, -1.64678553e-05],
       [-5.50406998e-05, -5.50406998e-05,  6.13056072e-07,
         6.13056072e-07,  6.13062509e-07,  1.00000061e+00,
         6.13062509e-07,  6.13062509e-07,  6.13056072e-07,
         6.13056072e-07, -1.18644868e-04, -1.18644868e-04,
        -3.62959851e-05, -1.79653002e-05, -3.77947603e-05,
        -2.76913522e-05, -1.79653002e-05, -1.72159126e-05,
        -1.78625769e-05, -1.64678553e-05],
       [-5.50406998e-05, -5.50406998e-05,  6.13056072e-07,
         6.13056072e-07,  6.13062509e-07,  6.13062509e-07,
         1.00000061e+00,  6.13062509e-07,  6.13056072e-07,
         6.13056072e-07, -1.18644868e-04, -1.18644868e-04,
        -3.62959851e-05, -1.79653002e-05, -3.77947603e-05,
        -2.76913522e-05, -1.79653002e-05, -1.72159126e-05,
        -1.78625769e-05, -1.64678553e-05],
       [-5.50406998e-05, -5.50406998e-05,  6.13056072e-07,
         6.13056072e-07,  6.13062509e-07,  6.13062509e-07,
         6.13062509e-07,  1.00000061e+00,  6.13056072e-07,
         6.13056072e-07, -1.18644868e-04, -1.18644868e-04,
        -3.62959851e-05, -1.79653002e-05, -3.77947603e-05,
        -2.76913522e-05, -1.79653002e-05, -1.72159126e-05,
        -1.78625769e-05, -1.64678553e-05],
       [-5.50403511e-05, -5.50403511e-05,  6.13049635e-07,
         6.13049635e-07,  6.13056072e-07,  6.13056072e-07,
         6.13056072e-07,  6.13056072e-07,  1.00000061e+00,
         6.13049635e-07, -1.18644616e-04, -1.18644616e-04,
        -3.62903763e-05, -1.79698189e-05, -3.77891663e-05,
        -2.76859561e-05, -1.79698189e-05, -1.72204238e-05,
        -1.78574065e-05, -1.64723592e-05],
       [-5.50403511e-05, -5.50403511e-05,  6.13049635e-07,
         6.13049635e-07,  6.13056072e-07,  6.13056072e-07,
         6.13056072e-07,  6.13056072e-07,  6.13049635e-07,
         1.00000061e+00, -1.18644616e-04, -1.18644616e-04,
        -3.62903763e-05, -1.79698189e-05, -3.77891663e-05,
        -2.76859561e-05, -1.79698189e-05, -1.72204238e-05,
        -1.78574065e-05, -1.64723592e-05],
       [-1.39084453e-01, -1.39084453e-01, -1.18644616e-04,
        -1.18644616e-04, -1.18644868e-04, -1.18644868e-04,
        -1.18644868e-04, -1.18644868e-04, -1.18644616e-04,
        -1.18644616e-04,  6.12463219e-01, -3.87536781e-01,
         3.38189257e-03, -5.05841488e-03, -4.37491408e-03,
        -6.75866587e-04, -5.05841488e-03, -1.18001155e-03,
        -4.97092026e-03,  2.69838892e-03],
       [-1.39084453e-01, -1.39084453e-01, -1.18644616e-04,
        -1.18644616e-04, -1.18644868e-04, -1.18644868e-04,
        -1.18644868e-04, -1.18644868e-04, -1.18644616e-04,
        -1.18644616e-04, -3.87536781e-01,  6.12463219e-01,
         3.38189257e-03, -5.05841488e-03, -4.37491408e-03,
        -6.75866587e-04, -5.05841488e-03, -1.18001155e-03,
        -4.97092026e-03,  2.69838892e-03],
       [ 1.60619379e-03,  1.60619379e-03, -3.62903763e-05,
        -3.62903763e-05, -3.62959851e-05, -3.62959851e-05,
        -3.62959851e-05, -3.62959851e-05, -3.62903763e-05,
        -3.62903763e-05,  3.38189257e-03,  3.38189257e-03,
         8.81426330e-01,  1.20342530e-01, -1.18529349e-01,
        -1.18820977e-01,  1.20342530e-01,  1.20320369e-01,
        -1.19140904e-01,  1.20298197e-01],
       [-1.95079419e-03, -1.95079419e-03, -1.79698189e-05,
        -1.79698189e-05, -1.79653002e-05, -1.79653002e-05,
        -1.79653002e-05, -1.79653002e-05, -1.79698189e-05,
        -1.79698189e-05, -5.05841488e-03, -5.05841488e-03,
         1.20342530e-01,  8.79136704e-01,  1.20256665e-01,
         1.20434670e-01, -1.20863296e-01, -1.20820363e-01,
         1.20490905e-01, -1.20777420e-01],
       [-1.17884033e-03, -1.17884033e-03, -3.77891663e-05,
        -3.77891663e-05, -3.77947603e-05, -3.77947603e-05,
        -3.77947603e-05, -3.77947603e-05, -3.77891663e-05,
        -3.77891663e-05, -4.37491408e-03, -4.37491408e-03,
        -1.18529349e-01,  1.20256665e-01,  8.81359593e-01,
        -1.18858277e-01,  1.20256665e-01,  1.20312194e-01,
        -1.19262824e-01,  1.20367712e-01],
       [ 1.25184769e-04,  1.25184769e-04, -2.76859561e-05,
        -2.76859561e-05, -2.76913522e-05, -2.76913522e-05,
        -2.76913522e-05, -2.76913522e-05, -2.76859561e-05,
        -2.76859561e-05, -6.75866587e-04, -6.75866587e-04,
        -1.18820977e-01,  1.20434670e-01, -1.18858277e-01,
         8.80894845e-01,  1.20434670e-01,  1.20453320e-01,
        -1.19444739e-01,  1.20471962e-01],
       [-1.95079419e-03, -1.95079419e-03, -1.79698189e-05,
        -1.79698189e-05, -1.79653002e-05, -1.79653002e-05,
        -1.79653002e-05, -1.79653002e-05, -1.79698189e-05,
        -1.79698189e-05, -5.05841488e-03, -5.05841488e-03,
         1.20342530e-01, -1.20863296e-01,  1.20256665e-01,
         1.20434670e-01,  8.79136704e-01, -1.20820363e-01,
         1.20490905e-01, -1.20777420e-01],
       [-5.58277131e-04, -5.58277131e-04, -1.72204238e-05,
        -1.72204238e-05, -1.72159126e-05, -1.72159126e-05,
        -1.72159126e-05, -1.72159126e-05, -1.72204238e-05,
        -1.72204238e-05, -1.18001155e-03, -1.18001155e-03,
         1.20320369e-01, -1.20820363e-01,  1.20312194e-01,
         1.20453320e-01, -1.20820363e-01,  8.79183725e-01,
         1.20551864e-01, -1.20812177e-01],
       [-1.46590993e-03, -1.46590993e-03, -1.78574065e-05,
        -1.78574065e-05, -1.78625769e-05, -1.78625769e-05,
        -1.78625769e-05, -1.78625769e-05, -1.78574065e-05,
        -1.78574065e-05, -4.97092026e-03, -4.97092026e-03,
        -1.19140904e-01,  1.20490905e-01, -1.19262824e-01,
        -1.19444739e-01,  1.20490905e-01,  1.20551864e-01,
         8.80215678e-01,  1.20612816e-01],
       [ 8.34237541e-04,  8.34237541e-04, -1.64723592e-05,
        -1.64723592e-05, -1.64678553e-05, -1.64678553e-05,
        -1.64678553e-05, -1.64678553e-05, -1.64723592e-05,
        -1.64723592e-05,  2.69838892e-03,  2.69838892e-03,
         1.20298197e-01, -1.20777420e-01,  1.20367712e-01,
         1.20471962e-01, -1.20777420e-01, -1.20812177e-01,
         1.20612816e-01,  8.79153076e-01]])
      jac: array([-8.94069672e-08, -8.94069672e-08,  0.00000000e+00,  0.00000000e+00,
        0.00000000e+00,  0.00000000e+00,  0.00000000e+00,  0.00000000e+00,
        0.00000000e+00,  0.00000000e+00,  1.49011612e-08,  1.49011612e-08,
       -2.98023224e-08,  1.49011612e-08, -2.98023224e-08,  0.00000000e+00,
        2.98023224e-08,  2.98023224e-08,  0.00000000e+00,  2.98023224e-08])
  message: 'Optimization terminated successfully.'
  n_iters: 190
     nfev: 189
      nit: 5
     njev: 9
   status: 0
  success: True
        x: array([-1.55434226e-08, -1.55434226e-08,  1.41540403e-08,  1.41540403e-08,
        1.46872579e-08,  1.46872579e-08,  1.46872579e-08,  1.46872579e-08,
        1.41540403e-08,  1.41540403e-08,  8.06211728e-10,  8.06211728e-10,
        1.39710379e-02, -1.39710944e-02,  1.39710356e-02,  1.39710228e-02,
       -1.39710944e-02, -1.39710933e-02,  1.39709933e-02, -1.39711220e-02])
