INFO 2021-03-10 16:22:00,713 Calculating excitation generators
INFO 2021-03-10 16:22:03,617 -----Running VQE for: H2-----
-----Number of electrons: 2-----
-----Number of orbitals: 4-----
-----Numeber of ansatz elements: 20-----
-----Statevector and energy calculated using <class 'src.backends.MatrixCacheBackend'>------
-----Optimizer BFGS------

INFO 2021-03-10 16:22:03,633 Iteration: 1. Energy -1.1169989967389087.  Energy change 2.220e-16 , Iteration dutation: 0.0002512931823730469
INFO 2021-03-10 16:22:03,640 Iteration: 2. Energy -1.116998996738908.  Energy change 6.661e-16 , Iteration dutation: 0.01584792137145996
INFO 2021-03-10 16:22:03,647 Iteration: 3. Energy -1.116998996738908.  Energy change 0.000e+00 , Iteration dutation: 0.006775379180908203
INFO 2021-03-10 16:22:03,654 Iteration: 4. Energy -1.1169989967389082.  Energy change -2.220e-16 , Iteration dutation: 0.007045269012451172
INFO 2021-03-10 16:22:03,661 Iteration: 5. Energy -1.1169989967389082.  Energy change 0.000e+00 , Iteration dutation: 0.007086277008056641
INFO 2021-03-10 16:22:03,667 Iteration: 6. Energy -1.1169989967389085.  Energy change -2.220e-16 , Iteration dutation: 0.006827592849731445
INFO 2021-03-10 16:22:03,674 Iteration: 7. Energy -1.1169989967389085.  Energy change 0.000e+00 , Iteration dutation: 0.00673365592956543
INFO 2021-03-10 16:22:03,682 Iteration: 8. Energy -1.1169989967389085.  Energy change 0.000e+00 , Iteration dutation: 0.006735324859619141
INFO 2021-03-10 16:22:03,689 Iteration: 9. Energy -1.1169989967389085.  Energy change 0.000e+00 , Iteration dutation: 0.00788569450378418
INFO 2021-03-10 16:22:03,696 Iteration: 10. Energy -1.1169989967389082.  Energy change 2.220e-16 , Iteration dutation: 0.006764650344848633
INFO 2021-03-10 16:22:03,702 Iteration: 11. Energy -1.1169989967389082.  Energy change 0.000e+00 , Iteration dutation: 0.006846189498901367
INFO 2021-03-10 16:22:03,709 Iteration: 12. Energy -1.116998996738908.  Energy change 2.220e-16 , Iteration dutation: 0.006803035736083984
INFO 2021-03-10 16:22:03,716 Iteration: 13. Energy -1.116998996738908.  Energy change 0.000e+00 , Iteration dutation: 0.006711006164550781
INFO 2021-03-10 16:22:03,723 Iteration: 14. Energy -1.116999002131078.  Energy change -5.392e-09 , Iteration dutation: 0.0067250728607177734
INFO 2021-03-10 16:22:03,729 Iteration: 15. Energy -1.1169989913467382.  Energy change 1.078e-08 , Iteration dutation: 0.006776571273803711
INFO 2021-03-10 16:22:03,736 Iteration: 16. Energy -1.116999002131078.  Energy change -1.078e-08 , Iteration dutation: 0.006829261779785156
INFO 2021-03-10 16:22:03,743 Iteration: 17. Energy -1.116999002131078.  Energy change 0.000e+00 , Iteration dutation: 0.006741762161254883
INFO 2021-03-10 16:22:03,750 Iteration: 18. Energy -1.1169989913467382.  Energy change 1.078e-08 , Iteration dutation: 0.006926774978637695
INFO 2021-03-10 16:22:03,757 Iteration: 19. Energy -1.1169989913467382.  Energy change 0.000e+00 , Iteration dutation: 0.0067179203033447266
INFO 2021-03-10 16:22:03,763 Iteration: 20. Energy -1.116999002131078.  Energy change -1.078e-08 , Iteration dutation: 0.006684064865112305
INFO 2021-03-10 16:22:03,770 Iteration: 21. Energy -1.1169989913467382.  Energy change 1.078e-08 , Iteration dutation: 0.006803274154663086
INFO 2021-03-10 16:22:03,784 Iteration: 22. Energy -0.8936738390275593.  Energy change 2.233e-01 , Iteration dutation: 0.006841421127319336
INFO 2021-03-10 16:22:03,791 Iteration: 23. Energy -0.8936738390275616.  Energy change -2.331e-15 , Iteration dutation: 0.014162778854370117
INFO 2021-03-10 16:22:03,797 Iteration: 24. Energy -0.8936738390275616.  Energy change 0.000e+00 , Iteration dutation: 0.0063190460205078125
INFO 2021-03-10 16:22:03,804 Iteration: 25. Energy -0.8936738390275595.  Energy change 2.109e-15 , Iteration dutation: 0.006727457046508789
INFO 2021-03-10 16:22:03,811 Iteration: 26. Energy -0.8936738390275595.  Energy change 0.000e+00 , Iteration dutation: 0.006764888763427734
INFO 2021-03-10 16:22:03,818 Iteration: 27. Energy -0.8936738390275596.  Energy change -1.110e-16 , Iteration dutation: 0.006725311279296875
INFO 2021-03-10 16:22:03,824 Iteration: 28. Energy -0.8936738390275596.  Energy change 0.000e+00 , Iteration dutation: 0.0067291259765625
INFO 2021-03-10 16:22:03,831 Iteration: 29. Energy -0.8936738390275596.  Energy change 0.000e+00 , Iteration dutation: 0.0068035125732421875
INFO 2021-03-10 16:22:03,838 Iteration: 30. Energy -0.8936738390275596.  Energy change 0.000e+00 , Iteration dutation: 0.006900787353515625
INFO 2021-03-10 16:22:03,845 Iteration: 31. Energy -0.8936738390275595.  Energy change 1.110e-16 , Iteration dutation: 0.007085084915161133
INFO 2021-03-10 16:22:03,852 Iteration: 32. Energy -0.8936738390275595.  Energy change 0.000e+00 , Iteration dutation: 0.00671696662902832
INFO 2021-03-10 16:22:03,859 Iteration: 33. Energy -0.8936738390275621.  Energy change -2.665e-15 , Iteration dutation: 0.00686192512512207
INFO 2021-03-10 16:22:03,865 Iteration: 34. Energy -0.8936738390275621.  Energy change 0.000e+00 , Iteration dutation: 0.006803750991821289
INFO 2021-03-10 16:22:03,872 Iteration: 35. Energy -0.8936738563626694.  Energy change -1.734e-08 , Iteration dutation: 0.006623029708862305
INFO 2021-03-10 16:22:03,879 Iteration: 36. Energy -0.8936738216924494.  Energy change 3.467e-08 , Iteration dutation: 0.00670313835144043
INFO 2021-03-10 16:22:03,886 Iteration: 37. Energy -0.8936738563626688.  Energy change -3.467e-08 , Iteration dutation: 0.006878852844238281
INFO 2021-03-10 16:22:03,892 Iteration: 38. Energy -0.8936738563626693.  Energy change -4.441e-16 , Iteration dutation: 0.006701469421386719
INFO 2021-03-10 16:22:03,899 Iteration: 39. Energy -0.8936738216924489.  Energy change 3.467e-08 , Iteration dutation: 0.0066831111907958984
INFO 2021-03-10 16:22:03,906 Iteration: 40. Energy -0.8936738216924489.  Energy change 0.000e+00 , Iteration dutation: 0.006699562072753906
INFO 2021-03-10 16:22:03,913 Iteration: 41. Energy -0.8936738563626693.  Energy change -3.467e-08 , Iteration dutation: 0.006907463073730469
INFO 2021-03-10 16:22:03,920 Iteration: 42. Energy -0.8936738216924489.  Energy change 3.467e-08 , Iteration dutation: 0.0069735050201416016
INFO 2021-03-10 16:22:03,934 Iteration: 43. Energy -1.0941322080672933.  Energy change -2.005e-01 , Iteration dutation: 0.006807088851928711
INFO 2021-03-10 16:22:03,940 Iteration: 44. Energy -1.094132208067293.  Energy change 2.220e-16 , Iteration dutation: 0.014122724533081055
INFO 2021-03-10 16:22:03,947 Iteration: 45. Energy -1.094132208067293.  Energy change 0.000e+00 , Iteration dutation: 0.006394863128662109
INFO 2021-03-10 16:22:03,954 Iteration: 46. Energy -1.094132208067293.  Energy change 0.000e+00 , Iteration dutation: 0.006738424301147461
INFO 2021-03-10 16:22:03,960 Iteration: 47. Energy -1.094132208067293.  Energy change 0.000e+00 , Iteration dutation: 0.006723165512084961
INFO 2021-03-10 16:22:03,967 Iteration: 48. Energy -1.0941322080672933.  Energy change -2.220e-16 , Iteration dutation: 0.006661891937255859
INFO 2021-03-10 16:22:03,974 Iteration: 49. Energy -1.0941322080672933.  Energy change 0.000e+00 , Iteration dutation: 0.006686687469482422
INFO 2021-03-10 16:22:03,981 Iteration: 50. Energy -1.0941322080672933.  Energy change 0.000e+00 , Iteration dutation: 0.006692647933959961
INFO 2021-03-10 16:22:03,987 Iteration: 51. Energy -1.0941322080672933.  Energy change 0.000e+00 , Iteration dutation: 0.006779670715332031
INFO 2021-03-10 16:22:03,994 Iteration: 52. Energy -1.094132208067293.  Energy change 2.220e-16 , Iteration dutation: 0.0067217350006103516
INFO 2021-03-10 16:22:04,001 Iteration: 53. Energy -1.094132208067293.  Energy change 0.000e+00 , Iteration dutation: 0.006706953048706055
INFO 2021-03-10 16:22:04,007 Iteration: 54. Energy -1.094132208067293.  Energy change 0.000e+00 , Iteration dutation: 0.006683349609375
INFO 2021-03-10 16:22:04,014 Iteration: 55. Energy -1.094132208067293.  Energy change 0.000e+00 , Iteration dutation: 0.006679058074951172
INFO 2021-03-10 16:22:04,021 Iteration: 56. Energy -1.0941322002609386.  Energy change 7.806e-09 , Iteration dutation: 0.006682872772216797
INFO 2021-03-10 16:22:04,028 Iteration: 57. Energy -1.0941322158736484.  Energy change -1.561e-08 , Iteration dutation: 0.006747722625732422
INFO 2021-03-10 16:22:04,034 Iteration: 58. Energy -1.0941322002609386.  Energy change 1.561e-08 , Iteration dutation: 0.006692171096801758
INFO 2021-03-10 16:22:04,041 Iteration: 59. Energy -1.0941322002609386.  Energy change 0.000e+00 , Iteration dutation: 0.006713151931762695
INFO 2021-03-10 16:22:04,048 Iteration: 60. Energy -1.0941322158736484.  Energy change -1.561e-08 , Iteration dutation: 0.006712913513183594
INFO 2021-03-10 16:22:04,054 Iteration: 61. Energy -1.0941322158736484.  Energy change 0.000e+00 , Iteration dutation: 0.006703615188598633
INFO 2021-03-10 16:22:04,061 Iteration: 62. Energy -1.0941322002609382.  Energy change 1.561e-08 , Iteration dutation: 0.006833553314208984
INFO 2021-03-10 16:22:04,068 Iteration: 63. Energy -1.0941322158736482.  Energy change -1.561e-08 , Iteration dutation: 0.006757259368896484
INFO 2021-03-10 16:22:04,082 Iteration: 64. Energy -1.1373058739079007.  Energy change -4.317e-02 , Iteration dutation: 0.006712675094604492
INFO 2021-03-10 16:22:04,088 Iteration: 65. Energy -1.1373058739079005.  Energy change 2.220e-16 , Iteration dutation: 0.013933658599853516
INFO 2021-03-10 16:22:04,095 Iteration: 66. Energy -1.1373058739079005.  Energy change 0.000e+00 , Iteration dutation: 0.0062961578369140625
INFO 2021-03-10 16:22:04,102 Iteration: 67. Energy -1.1373058739079007.  Energy change -2.220e-16 , Iteration dutation: 0.0067827701568603516
INFO 2021-03-10 16:22:04,108 Iteration: 68. Energy -1.1373058739079007.  Energy change 0.000e+00 , Iteration dutation: 0.0067005157470703125
INFO 2021-03-10 16:22:04,115 Iteration: 69. Energy -1.1373058739079007.  Energy change 0.000e+00 , Iteration dutation: 0.00670170783996582
INFO 2021-03-10 16:22:04,122 Iteration: 70. Energy -1.1373058739079007.  Energy change 0.000e+00 , Iteration dutation: 0.006705760955810547
INFO 2021-03-10 16:22:04,129 Iteration: 71. Energy -1.1373058739079007.  Energy change 0.000e+00 , Iteration dutation: 0.0068340301513671875
INFO 2021-03-10 16:22:04,135 Iteration: 72. Energy -1.1373058739079007.  Energy change 0.000e+00 , Iteration dutation: 0.006727695465087891
INFO 2021-03-10 16:22:04,142 Iteration: 73. Energy -1.1373058739079007.  Energy change 0.000e+00 , Iteration dutation: 0.006708383560180664
INFO 2021-03-10 16:22:04,149 Iteration: 74. Energy -1.1373058739079007.  Energy change 0.000e+00 , Iteration dutation: 0.006700754165649414
INFO 2021-03-10 16:22:04,155 Iteration: 75. Energy -1.1373058739079003.  Energy change 4.441e-16 , Iteration dutation: 0.006695270538330078
INFO 2021-03-10 16:22:04,162 Iteration: 76. Energy -1.1373058739079003.  Energy change 0.000e+00 , Iteration dutation: 0.006708383560180664
INFO 2021-03-10 16:22:04,169 Iteration: 77. Energy -1.1373058739232194.  Energy change -1.532e-11 , Iteration dutation: 0.006800174713134766
INFO 2021-03-10 16:22:04,176 Iteration: 78. Energy -1.1373058738925828.  Energy change 3.064e-11 , Iteration dutation: 0.006693840026855469
INFO 2021-03-10 16:22:04,183 Iteration: 79. Energy -1.1373058739232194.  Energy change -3.064e-11 , Iteration dutation: 0.006691455841064453
INFO 2021-03-10 16:22:04,190 Iteration: 80. Energy -1.1373058739232194.  Energy change 0.000e+00 , Iteration dutation: 0.007348537445068359
INFO 2021-03-10 16:22:04,197 Iteration: 81. Energy -1.1373058738925828.  Energy change 3.064e-11 , Iteration dutation: 0.00709986686706543
INFO 2021-03-10 16:22:04,204 Iteration: 82. Energy -1.1373058738925828.  Energy change 0.000e+00 , Iteration dutation: 0.006972551345825195
INFO 2021-03-10 16:22:04,211 Iteration: 83. Energy -1.1373058739232187.  Energy change -3.064e-11 , Iteration dutation: 0.006752967834472656
INFO 2021-03-10 16:22:04,217 Iteration: 84. Energy -1.1373058738925823.  Energy change 3.064e-11 , Iteration dutation: 0.006866455078125
INFO 2021-03-10 16:22:04,231 Iteration: 85. Energy -1.1373060357419007.  Energy change -1.618e-07 , Iteration dutation: 0.006786346435546875
INFO 2021-03-10 16:22:04,238 Iteration: 86. Energy -1.137306035741902.  Energy change -1.332e-15 , Iteration dutation: 0.01400613784790039
INFO 2021-03-10 16:22:04,244 Iteration: 87. Energy -1.137306035741902.  Energy change 0.000e+00 , Iteration dutation: 0.006299018859863281
INFO 2021-03-10 16:22:04,251 Iteration: 88. Energy -1.137306035741901.  Energy change 1.110e-15 , Iteration dutation: 0.006698131561279297
INFO 2021-03-10 16:22:04,258 Iteration: 89. Energy -1.137306035741901.  Energy change 0.000e+00 , Iteration dutation: 0.006930351257324219
INFO 2021-03-10 16:22:04,265 Iteration: 90. Energy -1.137306035741901.  Energy change 0.000e+00 , Iteration dutation: 0.0067899227142333984
INFO 2021-03-10 16:22:04,272 Iteration: 91. Energy -1.137306035741901.  Energy change 0.000e+00 , Iteration dutation: 0.006678104400634766
INFO 2021-03-10 16:22:04,278 Iteration: 92. Energy -1.137306035741901.  Energy change 0.000e+00 , Iteration dutation: 0.006693840026855469
INFO 2021-03-10 16:22:04,285 Iteration: 93. Energy -1.137306035741901.  Energy change 0.000e+00 , Iteration dutation: 0.006682395935058594
INFO 2021-03-10 16:22:04,292 Iteration: 94. Energy -1.137306035741901.  Energy change 0.000e+00 , Iteration dutation: 0.006701231002807617
INFO 2021-03-10 16:22:04,298 Iteration: 95. Energy -1.137306035741901.  Energy change 0.000e+00 , Iteration dutation: 0.0067005157470703125
INFO 2021-03-10 16:22:04,305 Iteration: 96. Energy -1.137306035741904.  Energy change -3.109e-15 , Iteration dutation: 0.006751298904418945
INFO 2021-03-10 16:22:04,312 Iteration: 97. Energy -1.137306035741904.  Energy change 0.000e+00 , Iteration dutation: 0.006675243377685547
INFO 2021-03-10 16:22:04,319 Iteration: 98. Energy -1.1373060357417721.  Energy change 1.319e-13 , Iteration dutation: 0.00668644905090332
INFO 2021-03-10 16:22:04,325 Iteration: 99. Energy -1.137306035742029.  Energy change -2.569e-13 , Iteration dutation: 0.006801128387451172
INFO 2021-03-10 16:22:04,332 Iteration: 100. Energy -1.1373060357417721.  Energy change 2.569e-13 , Iteration dutation: 0.006711006164550781
INFO 2021-03-10 16:22:04,339 Iteration: 101. Energy -1.1373060357417717.  Energy change 4.441e-16 , Iteration dutation: 0.006707668304443359
INFO 2021-03-10 16:22:04,345 Iteration: 102. Energy -1.137306035742029.  Energy change -2.573e-13 , Iteration dutation: 0.006690025329589844
INFO 2021-03-10 16:22:04,352 Iteration: 103. Energy -1.137306035742029.  Energy change 0.000e+00 , Iteration dutation: 0.006684541702270508
INFO 2021-03-10 16:22:04,359 Iteration: 104. Energy -1.1373060357417717.  Energy change 2.573e-13 , Iteration dutation: 0.006840944290161133
INFO 2021-03-10 16:22:04,366 Iteration: 105. Energy -1.137306035742029.  Energy change -2.573e-13 , Iteration dutation: 0.006714582443237305
INFO 2021-03-10 16:22:04,379 Iteration: 106. Energy -1.1373060357530012.  Energy change -1.097e-11 , Iteration dutation: 0.006743907928466797
INFO 2021-03-10 16:22:04,386 Iteration: 107. Energy -1.1373060357529925.  Energy change 8.660e-15 , Iteration dutation: 0.01394963264465332
INFO 2021-03-10 16:22:04,393 Iteration: 108. Energy -1.1373060357529925.  Energy change 0.000e+00 , Iteration dutation: 0.0062808990478515625
INFO 2021-03-10 16:22:04,399 Iteration: 109. Energy -1.1373060357530012.  Energy change -8.660e-15 , Iteration dutation: 0.00665283203125
INFO 2021-03-10 16:22:04,406 Iteration: 110. Energy -1.1373060357530012.  Energy change 0.000e+00 , Iteration dutation: 0.006705045700073242
INFO 2021-03-10 16:22:04,413 Iteration: 111. Energy -1.1373060357530012.  Energy change 0.000e+00 , Iteration dutation: 0.006820201873779297
INFO 2021-03-10 16:22:04,420 Iteration: 112. Energy -1.1373060357530012.  Energy change 0.000e+00 , Iteration dutation: 0.007191658020019531
INFO 2021-03-10 16:22:04,428 Iteration: 113. Energy -1.1373060357530012.  Energy change 0.000e+00 , Iteration dutation: 0.007055759429931641
INFO 2021-03-10 16:22:04,435 Iteration: 114. Energy -1.1373060357530012.  Energy change 0.000e+00 , Iteration dutation: 0.007261753082275391
INFO 2021-03-10 16:22:04,442 Iteration: 115. Energy -1.1373060357530012.  Energy change 0.000e+00 , Iteration dutation: 0.007114410400390625
INFO 2021-03-10 16:22:04,449 Iteration: 116. Energy -1.1373060357530012.  Energy change 0.000e+00 , Iteration dutation: 0.00704646110534668
INFO 2021-03-10 16:22:04,456 Iteration: 117. Energy -1.1373060357529778.  Energy change 2.331e-14 , Iteration dutation: 0.007133007049560547
INFO 2021-03-10 16:22:04,463 Iteration: 118. Energy -1.1373060357529778.  Energy change 0.000e+00 , Iteration dutation: 0.0070002079010009766
INFO 2021-03-10 16:22:04,470 Iteration: 119. Energy -1.1373060357530007.  Energy change -2.287e-14 , Iteration dutation: 0.007014751434326172
INFO 2021-03-10 16:22:04,476 Iteration: 120. Energy -1.1373060357530003.  Energy change 4.441e-16 , Iteration dutation: 0.00669097900390625
INFO 2021-03-10 16:22:04,483 Iteration: 121. Energy -1.1373060357530003.  Energy change 0.000e+00 , Iteration dutation: 0.00686192512512207
INFO 2021-03-10 16:22:04,490 Iteration: 122. Energy -1.1373060357530007.  Energy change -4.441e-16 , Iteration dutation: 0.0067901611328125
INFO 2021-03-10 16:22:04,497 Iteration: 123. Energy -1.1373060357530003.  Energy change 4.441e-16 , Iteration dutation: 0.006724834442138672
INFO 2021-03-10 16:22:04,503 Iteration: 124. Energy -1.1373060357530005.  Energy change -2.220e-16 , Iteration dutation: 0.006681919097900391
INFO 2021-03-10 16:22:04,510 Iteration: 125. Energy -1.1373060357530007.  Energy change -2.220e-16 , Iteration dutation: 0.00667262077331543
INFO 2021-03-10 16:22:04,517 Iteration: 126. Energy -1.1373060357530007.  Energy change 0.000e+00 , Iteration dutation: 0.0066967010498046875
INFO 2021-03-10 16:22:04,531 Iteration: 127. Energy -1.1373060357377418.  Energy change 1.526e-11 , Iteration dutation: 0.006774187088012695
INFO 2021-03-10 16:22:04,537 Iteration: 128. Energy -1.137306035737794.  Energy change -5.218e-14 , Iteration dutation: 0.01399374008178711
INFO 2021-03-10 16:22:04,544 Iteration: 129. Energy -1.137306035737794.  Energy change 0.000e+00 , Iteration dutation: 0.006574153900146484
INFO 2021-03-10 16:22:04,551 Iteration: 130. Energy -1.1373060357377414.  Energy change 5.262e-14 , Iteration dutation: 0.006747722625732422
INFO 2021-03-10 16:22:04,557 Iteration: 131. Energy -1.1373060357377414.  Energy change 0.000e+00 , Iteration dutation: 0.006703376770019531
INFO 2021-03-10 16:22:04,564 Iteration: 132. Energy -1.1373060357377414.  Energy change 0.000e+00 , Iteration dutation: 0.006680011749267578
INFO 2021-03-10 16:22:04,571 Iteration: 133. Energy -1.1373060357377414.  Energy change 0.000e+00 , Iteration dutation: 0.00668787956237793
INFO 2021-03-10 16:22:04,578 Iteration: 134. Energy -1.1373060357377414.  Energy change 0.000e+00 , Iteration dutation: 0.006669282913208008
INFO 2021-03-10 16:22:04,585 Iteration: 135. Energy -1.1373060357377414.  Energy change 0.000e+00 , Iteration dutation: 0.0067980289459228516
INFO 2021-03-10 16:22:04,591 Iteration: 136. Energy -1.1373060357377414.  Energy change 0.000e+00 , Iteration dutation: 0.006905317306518555
INFO 2021-03-10 16:22:04,598 Iteration: 137. Energy -1.1373060357377414.  Energy change 0.000e+00 , Iteration dutation: 0.0067043304443359375
INFO 2021-03-10 16:22:04,605 Iteration: 138. Energy -1.1373060357378986.  Energy change -1.572e-13 , Iteration dutation: 0.006675243377685547
INFO 2021-03-10 16:22:04,611 Iteration: 139. Energy -1.1373060357378986.  Energy change 0.000e+00 , Iteration dutation: 0.0066699981689453125
INFO 2021-03-10 16:22:04,618 Iteration: 140. Energy -1.137306035737771.  Energy change 1.277e-13 , Iteration dutation: 0.006900310516357422
INFO 2021-03-10 16:22:04,625 Iteration: 141. Energy -1.1373060357377132.  Energy change 5.773e-14 , Iteration dutation: 0.006682872772216797
INFO 2021-03-10 16:22:04,632 Iteration: 142. Energy -1.1373060357377711.  Energy change -5.795e-14 , Iteration dutation: 0.0066986083984375
INFO 2021-03-10 16:22:04,638 Iteration: 143. Energy -1.137306035737771.  Energy change 2.220e-16 , Iteration dutation: 0.006692647933959961
INFO 2021-03-10 16:22:04,645 Iteration: 144. Energy -1.1373060357377127.  Energy change 5.818e-14 , Iteration dutation: 0.0066869258880615234
INFO 2021-03-10 16:22:04,652 Iteration: 145. Energy -1.1373060357377123.  Energy change 4.441e-16 , Iteration dutation: 0.0066986083984375
INFO 2021-03-10 16:22:04,659 Iteration: 146. Energy -1.1373060357377707.  Energy change -5.840e-14 , Iteration dutation: 0.006936073303222656
INFO 2021-03-10 16:22:04,666 Iteration: 147. Energy -1.1373060357377127.  Energy change 5.795e-14 , Iteration dutation: 0.0068492889404296875
INFO 2021-03-10 16:22:04,680 Iteration: 148. Energy -1.1373060357533307.  Energy change -1.562e-11 , Iteration dutation: 0.0068111419677734375
INFO 2021-03-10 16:22:04,687 Iteration: 149. Energy -1.13730603575333.  Energy change 6.661e-16 , Iteration dutation: 0.014769315719604492
INFO 2021-03-10 16:22:04,694 Iteration: 150. Energy -1.13730603575333.  Energy change 0.000e+00 , Iteration dutation: 0.006728410720825195
INFO 2021-03-10 16:22:04,701 Iteration: 151. Energy -1.1373060357533307.  Energy change -6.661e-16 , Iteration dutation: 0.0071222782135009766
INFO 2021-03-10 16:22:04,708 Iteration: 152. Energy -1.1373060357533307.  Energy change 0.000e+00 , Iteration dutation: 0.007048130035400391
INFO 2021-03-10 16:22:04,715 Iteration: 153. Energy -1.1373060357533307.  Energy change 0.000e+00 , Iteration dutation: 0.006788730621337891
INFO 2021-03-10 16:22:04,721 Iteration: 154. Energy -1.1373060357533307.  Energy change 0.000e+00 , Iteration dutation: 0.006672859191894531
INFO 2021-03-10 16:22:04,728 Iteration: 155. Energy -1.1373060357533307.  Energy change 0.000e+00 , Iteration dutation: 0.006699085235595703
INFO 2021-03-10 16:22:04,735 Iteration: 156. Energy -1.1373060357533307.  Energy change 0.000e+00 , Iteration dutation: 0.006711721420288086
INFO 2021-03-10 16:22:04,742 Iteration: 157. Energy -1.1373060357533307.  Energy change 0.000e+00 , Iteration dutation: 0.0067462921142578125
INFO 2021-03-10 16:22:04,748 Iteration: 158. Energy -1.1373060357533307.  Energy change 0.000e+00 , Iteration dutation: 0.0066716670989990234
INFO 2021-03-10 16:22:04,755 Iteration: 159. Energy -1.1373060357533296.  Energy change 1.110e-15 , Iteration dutation: 0.006672382354736328
INFO 2021-03-10 16:22:04,762 Iteration: 160. Energy -1.1373060357533296.  Energy change 0.000e+00 , Iteration dutation: 0.006688833236694336
INFO 2021-03-10 16:22:04,768 Iteration: 161. Energy -1.1373060357533333.  Energy change -3.775e-15 , Iteration dutation: 0.006756305694580078
INFO 2021-03-10 16:22:04,775 Iteration: 162. Energy -1.137306035753327.  Energy change 6.439e-15 , Iteration dutation: 0.006707906723022461
INFO 2021-03-10 16:22:04,782 Iteration: 163. Energy -1.1373060357533333.  Energy change -6.439e-15 , Iteration dutation: 0.006721019744873047
INFO 2021-03-10 16:22:04,788 Iteration: 164. Energy -1.1373060357533336.  Energy change -2.220e-16 , Iteration dutation: 0.006621122360229492
INFO 2021-03-10 16:22:04,795 Iteration: 165. Energy -1.137306035753327.  Energy change 6.661e-15 , Iteration dutation: 0.00664973258972168
INFO 2021-03-10 16:22:04,802 Iteration: 166. Energy -1.137306035753327.  Energy change 0.000e+00 , Iteration dutation: 0.006668806076049805
INFO 2021-03-10 16:22:04,808 Iteration: 167. Energy -1.1373060357533338.  Energy change -6.883e-15 , Iteration dutation: 0.006691932678222656
INFO 2021-03-10 16:22:04,815 Iteration: 168. Energy -1.137306035753327.  Energy change 6.883e-15 , Iteration dutation: 0.0066928863525390625
INFO 2021-03-10 16:22:04,829 Iteration: 169. Energy -1.137306035753337.  Energy change -1.021e-14 , Iteration dutation: 0.006773471832275391
INFO 2021-03-10 16:22:04,835 Iteration: 170. Energy -1.1373060357533384.  Energy change -1.332e-15 , Iteration dutation: 0.013985395431518555
INFO 2021-03-10 16:22:04,842 Iteration: 171. Energy -1.1373060357533384.  Energy change 0.000e+00 , Iteration dutation: 0.0062639713287353516
INFO 2021-03-10 16:22:04,849 Iteration: 172. Energy -1.137306035753337.  Energy change 1.332e-15 , Iteration dutation: 0.006696462631225586
INFO 2021-03-10 16:22:04,856 Iteration: 173. Energy -1.137306035753337.  Energy change 0.000e+00 , Iteration dutation: 0.006905555725097656
INFO 2021-03-10 16:22:04,863 Iteration: 174. Energy -1.137306035753337.  Energy change 0.000e+00 , Iteration dutation: 0.006835222244262695
INFO 2021-03-10 16:22:04,869 Iteration: 175. Energy -1.137306035753337.  Energy change 0.000e+00 , Iteration dutation: 0.006899118423461914
INFO 2021-03-10 16:22:04,876 Iteration: 176. Energy -1.137306035753337.  Energy change 0.000e+00 , Iteration dutation: 0.006691455841064453
INFO 2021-03-10 16:22:04,883 Iteration: 177. Energy -1.137306035753337.  Energy change 0.000e+00 , Iteration dutation: 0.006836652755737305
INFO 2021-03-10 16:22:04,890 Iteration: 178. Energy -1.137306035753337.  Energy change 0.000e+00 , Iteration dutation: 0.006722450256347656
INFO 2021-03-10 16:22:04,897 Iteration: 179. Energy -1.137306035753337.  Energy change 0.000e+00 , Iteration dutation: 0.0067021846771240234
INFO 2021-03-10 16:22:04,903 Iteration: 180. Energy -1.1373060357533369.  Energy change 2.220e-16 , Iteration dutation: 0.0070188045501708984
INFO 2021-03-10 16:22:04,910 Iteration: 181. Energy -1.1373060357533369.  Energy change 0.000e+00 , Iteration dutation: 0.00669097900390625
INFO 2021-03-10 16:22:04,917 Iteration: 182. Energy -1.1373060357533376.  Energy change -6.661e-16 , Iteration dutation: 0.006705045700073242
INFO 2021-03-10 16:22:04,924 Iteration: 183. Energy -1.1373060357533369.  Energy change 6.661e-16 , Iteration dutation: 0.006697893142700195
INFO 2021-03-10 16:22:04,931 Iteration: 184. Energy -1.1373060357533376.  Energy change -6.661e-16 , Iteration dutation: 0.006914854049682617
INFO 2021-03-10 16:22:04,937 Iteration: 185. Energy -1.137306035753337.  Energy change 4.441e-16 , Iteration dutation: 0.006694316864013672
INFO 2021-03-10 16:22:04,944 Iteration: 186. Energy -1.1373060357533367.  Energy change 4.441e-16 , Iteration dutation: 0.006682872772216797
INFO 2021-03-10 16:22:04,951 Iteration: 187. Energy -1.1373060357533367.  Energy change 0.000e+00 , Iteration dutation: 0.0067234039306640625
INFO 2021-03-10 16:22:04,958 Iteration: 188. Energy -1.137306035753337.  Energy change -4.441e-16 , Iteration dutation: 0.006839275360107422
INFO 2021-03-10 16:22:04,964 Iteration: 189. Energy -1.1373060357533367.  Energy change 4.441e-16 , Iteration dutation: 0.006889820098876953
CRITICAL 2021-03-10 16:22:04,965       fun: -1.137306035753337
 hess_inv: array([[ 9.50134862e-01, -4.98651384e-02, -5.50403511e-05,
        -5.50403511e-05, -5.50406998e-05, -5.50406998e-05,
        -5.50406998e-05, -5.50406998e-05, -5.50403511e-05,
        -5.50403511e-05, -1.39084453e-01, -1.39084453e-01,
         1.60619379e-03, -1.95079419e-03, -1.17884033e-03,
         1.25184769e-04, -1.95079419e-03, -5.58277131e-04,
        -1.46590993e-03,  8.34237541e-04],
       [-4.98651384e-02,  9.50134862e-01, -5.50403511e-05,
        -5.50403511e-05, -5.50406998e-05, -5.50406998e-05,
        -5.50406998e-05, -5.50406998e-05, -5.50403511e-05,
        -5.50403511e-05, -1.39084453e-01, -1.39084453e-01,
         1.60619379e-03, -1.95079419e-03, -1.17884033e-03,
         1.25184769e-04, -1.95079419e-03, -5.58277131e-04,
        -1.46590993e-03,  8.34237541e-04],
       [-5.50403511e-05, -5.50403511e-05,  1.00000061e+00,
         6.13049635e-07,  6.13056072e-07,  6.13056072e-07,
         6.13056072e-07,  6.13056072e-07,  6.13049635e-07,
         6.13049635e-07, -1.18644616e-04, -1.18644616e-04,
        -3.62903763e-05, -1.79698189e-05, -3.77891663e-05,
        -2.76859561e-05, -1.79698189e-05, -1.72204238e-05,
        -1.78574065e-05, -1.64723592e-05],
       [-5.50403511e-05, -5.50403511e-05,  6.13049635e-07,
         1.00000061e+00,  6.13056072e-07,  6.13056072e-07,
         6.13056072e-07,  6.13056072e-07,  6.13049635e-07,
         6.13049635e-07, -1.18644616e-04, -1.18644616e-04,
        -3.62903763e-05, -1.79698189e-05, -3.77891663e-05,
        -2.76859561e-05, -1.79698189e-05, -1.72204238e-05,
        -1.78574065e-05, -1.64723592e-05],
       [-5.50406998e-05, -5.50406998e-05,  6.13056072e-07,
         6.13056072e-07,  1.00000061e+00,  6.13062509e-07,
         6.13062509e-07,  6.13062509e-07,  6.13056072e-07,
         6.13056072e-07, -1.18644868e-04, -1.18644868e-04,
        -3.62959851e-05, -1.79653002e-05, -3.77947603e-05,
        -2.76913522e-05, -1.79653002e-05, -1.72159126e-05,
        -1.78625769e-05, -1.64678553e-05],
       [-5.50406998e-05, -5.50406998e-05,  6.13056072e-07,
         6.13056072e-07,  6.13062509e-07,  1.00000061e+00,
         6.13062509e-07,  6.13062509e-07,  6.13056072e-07,
         6.13056072e-07, -1.18644868e-04, -1.18644868e-04,
        -3.62959851e-05, -1.79653002e-05, -3.77947603e-05,
        -2.76913522e-05, -1.79653002e-05, -1.72159126e-05,
        -1.78625769e-05, -1.64678553e-05],
       [-5.50406998e-05, -5.50406998e-05,  6.13056072e-07,
         6.13056072e-07,  6.13062509e-07,  6.13062509e-07,
         1.00000061e+00,  6.13062509e-07,  6.13056072e-07,
         6.13056072e-07, -1.18644868e-04, -1.18644868e-04,
        -3.62959851e-05, -1.79653002e-05, -3.77947603e-05,
        -2.76913522e-05, -1.79653002e-05, -1.72159126e-05,
        -1.78625769e-05, -1.64678553e-05],
       [-5.50406998e-05, -5.50406998e-05,  6.13056072e-07,
         6.13056072e-07,  6.13062509e-07,  6.13062509e-07,
         6.13062509e-07,  1.00000061e+00,  6.13056072e-07,
         6.13056072e-07, -1.18644868e-04, -1.18644868e-04,
        -3.62959851e-05, -1.79653002e-05, -3.77947603e-05,
        -2.76913522e-05, -1.79653002e-05, -1.72159126e-05,
        -1.78625769e-05, -1.64678553e-05],
       [-5.50403511e-05, -5.50403511e-05,  6.13049635e-07,
         6.13049635e-07,  6.13056072e-07,  6.13056072e-07,
         6.13056072e-07,  6.13056072e-07,  1.00000061e+00,
         6.13049635e-07, -1.18644616e-04, -1.18644616e-04,
        -3.62903763e-05, -1.79698189e-05, -3.77891663e-05,
        -2.76859561e-05, -1.79698189e-05, -1.72204238e-05,
        -1.78574065e-05, -1.64723592e-05],
       [-5.50403511e-05, -5.50403511e-05,  6.13049635e-07,
         6.13049635e-07,  6.13056072e-07,  6.13056072e-07,
         6.13056072e-07,  6.13056072e-07,  6.13049635e-07,
         1.00000061e+00, -1.18644616e-04, -1.18644616e-04,
        -3.62903763e-05, -1.79698189e-05, -3.77891663e-05,
        -2.76859561e-05, -1.79698189e-05, -1.72204238e-05,
        -1.78574065e-05, -1.64723592e-05],
       [-1.39084453e-01, -1.39084453e-01, -1.18644616e-04,
        -1.18644616e-04, -1.18644868e-04, -1.18644868e-04,
        -1.18644868e-04, -1.18644868e-04, -1.18644616e-04,
        -1.18644616e-04,  6.12463219e-01, -3.87536781e-01,
         3.38189257e-03, -5.05841488e-03, -4.37491408e-03,
        -6.75866587e-04, -5.05841488e-03, -1.18001155e-03,
        -4.97092026e-03,  2.69838892e-03],
       [-1.39084453e-01, -1.39084453e-01, -1.18644616e-04,
        -1.18644616e-04, -1.18644868e-04, -1.18644868e-04,
        -1.18644868e-04, -1.18644868e-04, -1.18644616e-04,
        -1.18644616e-04, -3.87536781e-01,  6.12463219e-01,
         3.38189257e-03, -5.05841488e-03, -4.37491408e-03,
        -6.75866587e-04, -5.05841488e-03, -1.18001155e-03,
        -4.97092026e-03,  2.69838892e-03],
       [ 1.60619379e-03,  1.60619379e-03, -3.62903763e-05,
        -3.62903763e-05, -3.62959851e-05, -3.62959851e-05,
        -3.62959851e-05, -3.62959851e-05, -3.62903763e-05,
        -3.62903763e-05,  3.38189257e-03,  3.38189257e-03,
         8.81426330e-01,  1.20342530e-01, -1.18529349e-01,
        -1.18820977e-01,  1.20342530e-01,  1.20320369e-01,
        -1.19140904e-01,  1.20298197e-01],
       [-1.95079419e-03, -1.95079419e-03, -1.79698189e-05,
        -1.79698189e-05, -1.79653002e-05, -1.79653002e-05,
        -1.79653002e-05, -1.79653002e-05, -1.79698189e-05,
        -1.79698189e-05, -5.05841488e-03, -5.05841488e-03,
         1.20342530e-01,  8.79136704e-01,  1.20256665e-01,
         1.20434670e-01, -1.20863296e-01, -1.20820363e-01,
         1.20490905e-01, -1.20777420e-01],
       [-1.17884033e-03, -1.17884033e-03, -3.77891663e-05,
        -3.77891663e-05, -3.77947603e-05, -3.77947603e-05,
        -3.77947603e-05, -3.77947603e-05, -3.77891663e-05,
        -3.77891663e-05, -4.37491408e-03, -4.37491408e-03,
        -1.18529349e-01,  1.20256665e-01,  8.81359593e-01,
        -1.18858277e-01,  1.20256665e-01,  1.20312194e-01,
        -1.19262824e-01,  1.20367712e-01],
       [ 1.25184769e-04,  1.25184769e-04, -2.76859561e-05,
        -2.76859561e-05, -2.76913522e-05, -2.76913522e-05,
        -2.76913522e-05, -2.76913522e-05, -2.76859561e-05,
        -2.76859561e-05, -6.75866587e-04, -6.75866587e-04,
        -1.18820977e-01,  1.20434670e-01, -1.18858277e-01,
         8.80894845e-01,  1.20434670e-01,  1.20453320e-01,
        -1.19444739e-01,  1.20471962e-01],
       [-1.95079419e-03, -1.95079419e-03, -1.79698189e-05,
        -1.79698189e-05, -1.79653002e-05, -1.79653002e-05,
        -1.79653002e-05, -1.79653002e-05, -1.79698189e-05,
        -1.79698189e-05, -5.05841488e-03, -5.05841488e-03,
         1.20342530e-01, -1.20863296e-01,  1.20256665e-01,
         1.20434670e-01,  8.79136704e-01, -1.20820363e-01,
         1.20490905e-01, -1.20777420e-01],
       [-5.58277131e-04, -5.58277131e-04, -1.72204238e-05,
        -1.72204238e-05, -1.72159126e-05, -1.72159126e-05,
        -1.72159126e-05, -1.72159126e-05, -1.72204238e-05,
        -1.72204238e-05, -1.18001155e-03, -1.18001155e-03,
         1.20320369e-01, -1.20820363e-01,  1.20312194e-01,
         1.20453320e-01, -1.20820363e-01,  8.79183725e-01,
         1.20551864e-01, -1.20812177e-01],
       [-1.46590993e-03, -1.46590993e-03, -1.78574065e-05,
        -1.78574065e-05, -1.78625769e-05, -1.78625769e-05,
        -1.78625769e-05, -1.78625769e-05, -1.78574065e-05,
        -1.78574065e-05, -4.97092026e-03, -4.97092026e-03,
        -1.19140904e-01,  1.20490905e-01, -1.19262824e-01,
        -1.19444739e-01,  1.20490905e-01,  1.20551864e-01,
         8.80215678e-01,  1.20612816e-01],
       [ 8.34237541e-04,  8.34237541e-04, -1.64723592e-05,
        -1.64723592e-05, -1.64678553e-05, -1.64678553e-05,
        -1.64678553e-05, -1.64678553e-05, -1.64723592e-05,
        -1.64723592e-05,  2.69838892e-03,  2.69838892e-03,
         1.20298197e-01, -1.20777420e-01,  1.20367712e-01,
         1.20471962e-01, -1.20777420e-01, -1.20812177e-01,
         1.20612816e-01,  8.79153076e-01]])
      jac: array([-8.94069672e-08, -8.94069672e-08,  0.00000000e+00,  0.00000000e+00,
        0.00000000e+00,  0.00000000e+00,  0.00000000e+00,  0.00000000e+00,
        0.00000000e+00,  0.00000000e+00,  1.49011612e-08,  1.49011612e-08,
       -2.98023224e-08,  1.49011612e-08, -2.98023224e-08,  0.00000000e+00,
        2.98023224e-08,  2.98023224e-08,  0.00000000e+00,  2.98023224e-08])
  message: 'Optimization terminated successfully.'
  n_iters: 190
     nfev: 189
      nit: 5
     njev: 9
   status: 0
  success: True
        x: array([-1.55434226e-08, -1.55434226e-08,  1.41540403e-08,  1.41540403e-08,
        1.46872579e-08,  1.46872579e-08,  1.46872579e-08,  1.46872579e-08,
        1.41540403e-08,  1.41540403e-08,  8.06211728e-10,  8.06211728e-10,
        1.39710379e-02, -1.39710944e-02,  1.39710356e-02,  1.39710228e-02,
       -1.39710944e-02, -1.39710933e-02,  1.39709933e-02, -1.39711220e-02])
