INFO 2021-03-10 20:50:41,463 Calculating excitation generators
DEBUG 2021-03-10 20:50:41,464 Automatically increasing RLIMIT_NOFILE to max value of 524288
INFO 2021-03-10 20:50:47,071 -----Running VQE for: H2-----
-----Number of electrons: 2-----
-----Number of orbitals: 4-----
-----Numeber of ansatz elements: 20-----
-----Statevector and energy calculated using <class 'src.backends.MatrixCacheBackend'>------
-----Optimizer BFGS------

INFO 2021-03-10 20:50:47,104 Iteration: 1. Energy -1.1169989967389087.  Energy change 2.220e-16 , Iteration dutation: 0.0004277229309082031
INFO 2021-03-10 20:50:47,125 Iteration: 2. Energy -1.116998996738908.  Energy change 6.661e-16 , Iteration dutation: 0.033629655838012695
INFO 2021-03-10 20:50:47,137 Iteration: 3. Energy -1.116998996738908.  Energy change 0.000e+00 , Iteration dutation: 0.020200014114379883
INFO 2021-03-10 20:50:47,145 Iteration: 4. Energy -1.1169989967389082.  Energy change -2.220e-16 , Iteration dutation: 0.011777877807617188
INFO 2021-03-10 20:50:47,152 Iteration: 5. Energy -1.1169989967389082.  Energy change 0.000e+00 , Iteration dutation: 0.007838249206542969
INFO 2021-03-10 20:50:47,159 Iteration: 6. Energy -1.1169989967389085.  Energy change -2.220e-16 , Iteration dutation: 0.006942272186279297
INFO 2021-03-10 20:50:47,166 Iteration: 7. Energy -1.1169989967389085.  Energy change 0.000e+00 , Iteration dutation: 0.006834745407104492
INFO 2021-03-10 20:50:47,173 Iteration: 8. Energy -1.1169989967389085.  Energy change 0.000e+00 , Iteration dutation: 0.006987094879150391
INFO 2021-03-10 20:50:47,180 Iteration: 9. Energy -1.1169989967389085.  Energy change 0.000e+00 , Iteration dutation: 0.00691986083984375
INFO 2021-03-10 20:50:47,187 Iteration: 10. Energy -1.1169989967389082.  Energy change 2.220e-16 , Iteration dutation: 0.007112026214599609
INFO 2021-03-10 20:50:47,193 Iteration: 11. Energy -1.1169989967389082.  Energy change 0.000e+00 , Iteration dutation: 0.00688934326171875
INFO 2021-03-10 20:50:47,200 Iteration: 12. Energy -1.116998996738908.  Energy change 2.220e-16 , Iteration dutation: 0.006857156753540039
INFO 2021-03-10 20:50:47,207 Iteration: 13. Energy -1.116998996738908.  Energy change 0.000e+00 , Iteration dutation: 0.006952047348022461
INFO 2021-03-10 20:50:47,214 Iteration: 14. Energy -1.116999002131078.  Energy change -5.392e-09 , Iteration dutation: 0.0068323612213134766
INFO 2021-03-10 20:50:47,221 Iteration: 15. Energy -1.1169989913467382.  Energy change 1.078e-08 , Iteration dutation: 0.006867408752441406
INFO 2021-03-10 20:50:47,228 Iteration: 16. Energy -1.116999002131078.  Energy change -1.078e-08 , Iteration dutation: 0.006810903549194336
INFO 2021-03-10 20:50:47,235 Iteration: 17. Energy -1.116999002131078.  Energy change 0.000e+00 , Iteration dutation: 0.0070438385009765625
INFO 2021-03-10 20:50:47,242 Iteration: 18. Energy -1.1169989913467382.  Energy change 1.078e-08 , Iteration dutation: 0.006844997406005859
INFO 2021-03-10 20:50:47,249 Iteration: 19. Energy -1.1169989913467382.  Energy change 0.000e+00 , Iteration dutation: 0.006871938705444336
INFO 2021-03-10 20:50:47,255 Iteration: 20. Energy -1.116999002131078.  Energy change -1.078e-08 , Iteration dutation: 0.007014751434326172
INFO 2021-03-10 20:50:47,262 Iteration: 21. Energy -1.1169989913467382.  Energy change 1.078e-08 , Iteration dutation: 0.006825923919677734
INFO 2021-03-10 20:50:47,277 Iteration: 22. Energy -0.8936738390275593.  Energy change 2.233e-01 , Iteration dutation: 0.00694584846496582
INFO 2021-03-10 20:50:47,283 Iteration: 23. Energy -0.8936738390275616.  Energy change -2.331e-15 , Iteration dutation: 0.014202117919921875
INFO 2021-03-10 20:50:47,290 Iteration: 24. Energy -0.8936738390275616.  Energy change 0.000e+00 , Iteration dutation: 0.0064563751220703125
INFO 2021-03-10 20:50:47,297 Iteration: 25. Energy -0.8936738390275595.  Energy change 2.109e-15 , Iteration dutation: 0.006867170333862305
INFO 2021-03-10 20:50:47,304 Iteration: 26. Energy -0.8936738390275595.  Energy change 0.000e+00 , Iteration dutation: 0.006972074508666992
INFO 2021-03-10 20:50:47,311 Iteration: 27. Energy -0.8936738390275596.  Energy change -1.110e-16 , Iteration dutation: 0.00680851936340332
INFO 2021-03-10 20:50:47,317 Iteration: 28. Energy -0.8936738390275596.  Energy change 0.000e+00 , Iteration dutation: 0.00685429573059082
INFO 2021-03-10 20:50:47,324 Iteration: 29. Energy -0.8936738390275596.  Energy change 0.000e+00 , Iteration dutation: 0.00684046745300293
INFO 2021-03-10 20:50:47,331 Iteration: 30. Energy -0.8936738390275596.  Energy change 0.000e+00 , Iteration dutation: 0.0068836212158203125
INFO 2021-03-10 20:50:47,338 Iteration: 31. Energy -0.8936738390275595.  Energy change 1.110e-16 , Iteration dutation: 0.0068492889404296875
INFO 2021-03-10 20:50:47,345 Iteration: 32. Energy -0.8936738390275595.  Energy change 0.000e+00 , Iteration dutation: 0.0068171024322509766
INFO 2021-03-10 20:50:47,352 Iteration: 33. Energy -0.8936738390275621.  Energy change -2.665e-15 , Iteration dutation: 0.0068492889404296875
INFO 2021-03-10 20:50:47,359 Iteration: 34. Energy -0.8936738390275621.  Energy change 0.000e+00 , Iteration dutation: 0.006853342056274414
INFO 2021-03-10 20:50:47,366 Iteration: 35. Energy -0.8936738563626694.  Energy change -1.734e-08 , Iteration dutation: 0.007053852081298828
INFO 2021-03-10 20:50:47,372 Iteration: 36. Energy -0.8936738216924494.  Energy change 3.467e-08 , Iteration dutation: 0.006821155548095703
INFO 2021-03-10 20:50:47,379 Iteration: 37. Energy -0.8936738563626688.  Energy change -3.467e-08 , Iteration dutation: 0.006798982620239258
INFO 2021-03-10 20:50:47,386 Iteration: 38. Energy -0.8936738563626693.  Energy change -4.441e-16 , Iteration dutation: 0.006918430328369141
INFO 2021-03-10 20:50:47,393 Iteration: 39. Energy -0.8936738216924489.  Energy change 3.467e-08 , Iteration dutation: 0.006913185119628906
INFO 2021-03-10 20:50:47,400 Iteration: 40. Energy -0.8936738216924489.  Energy change 0.000e+00 , Iteration dutation: 0.006830930709838867
INFO 2021-03-10 20:50:47,407 Iteration: 41. Energy -0.8936738563626693.  Energy change -3.467e-08 , Iteration dutation: 0.0068051815032958984
INFO 2021-03-10 20:50:47,413 Iteration: 42. Energy -0.8936738216924489.  Energy change 3.467e-08 , Iteration dutation: 0.006780385971069336
INFO 2021-03-10 20:50:47,428 Iteration: 43. Energy -1.0941322080672933.  Energy change -2.005e-01 , Iteration dutation: 0.0068225860595703125
INFO 2021-03-10 20:50:47,434 Iteration: 44. Energy -1.094132208067293.  Energy change 2.220e-16 , Iteration dutation: 0.014273405075073242
INFO 2021-03-10 20:50:47,441 Iteration: 45. Energy -1.094132208067293.  Energy change 0.000e+00 , Iteration dutation: 0.006493806838989258
INFO 2021-03-10 20:50:47,448 Iteration: 46. Energy -1.094132208067293.  Energy change 0.000e+00 , Iteration dutation: 0.0067861080169677734
INFO 2021-03-10 20:50:47,455 Iteration: 47. Energy -1.094132208067293.  Energy change 0.000e+00 , Iteration dutation: 0.006810426712036133
INFO 2021-03-10 20:50:47,461 Iteration: 48. Energy -1.0941322080672933.  Energy change -2.220e-16 , Iteration dutation: 0.006817817687988281
INFO 2021-03-10 20:50:47,468 Iteration: 49. Energy -1.0941322080672933.  Energy change 0.000e+00 , Iteration dutation: 0.006807565689086914
INFO 2021-03-10 20:50:47,475 Iteration: 50. Energy -1.0941322080672933.  Energy change 0.000e+00 , Iteration dutation: 0.006861209869384766
INFO 2021-03-10 20:50:47,482 Iteration: 51. Energy -1.0941322080672933.  Energy change 0.000e+00 , Iteration dutation: 0.006819009780883789
INFO 2021-03-10 20:50:47,489 Iteration: 52. Energy -1.094132208067293.  Energy change 2.220e-16 , Iteration dutation: 0.006815195083618164
INFO 2021-03-10 20:50:47,496 Iteration: 53. Energy -1.094132208067293.  Energy change 0.000e+00 , Iteration dutation: 0.006829977035522461
INFO 2021-03-10 20:50:47,502 Iteration: 54. Energy -1.094132208067293.  Energy change 0.000e+00 , Iteration dutation: 0.00687718391418457
INFO 2021-03-10 20:50:47,509 Iteration: 55. Energy -1.094132208067293.  Energy change 0.000e+00 , Iteration dutation: 0.00684046745300293
INFO 2021-03-10 20:50:47,516 Iteration: 56. Energy -1.0941322002609386.  Energy change 7.806e-09 , Iteration dutation: 0.006800651550292969
INFO 2021-03-10 20:50:47,523 Iteration: 57. Energy -1.0941322158736484.  Energy change -1.561e-08 , Iteration dutation: 0.0068247318267822266
INFO 2021-03-10 20:50:47,530 Iteration: 58. Energy -1.0941322002609386.  Energy change 1.561e-08 , Iteration dutation: 0.006811857223510742
INFO 2021-03-10 20:50:47,537 Iteration: 59. Energy -1.0941322002609386.  Energy change 0.000e+00 , Iteration dutation: 0.006845951080322266
INFO 2021-03-10 20:50:47,544 Iteration: 60. Energy -1.0941322158736484.  Energy change -1.561e-08 , Iteration dutation: 0.006955146789550781
INFO 2021-03-10 20:50:47,551 Iteration: 61. Energy -1.0941322158736484.  Energy change 0.000e+00 , Iteration dutation: 0.006933927536010742
INFO 2021-03-10 20:50:47,558 Iteration: 62. Energy -1.0941322002609382.  Energy change 1.561e-08 , Iteration dutation: 0.007261991500854492
INFO 2021-03-10 20:50:47,565 Iteration: 63. Energy -1.0941322158736482.  Energy change -1.561e-08 , Iteration dutation: 0.007117271423339844
INFO 2021-03-10 20:50:47,579 Iteration: 64. Energy -1.1373058739079007.  Energy change -4.317e-02 , Iteration dutation: 0.006918430328369141
INFO 2021-03-10 20:50:47,586 Iteration: 65. Energy -1.1373058739079005.  Energy change 2.220e-16 , Iteration dutation: 0.014288902282714844
INFO 2021-03-10 20:50:47,592 Iteration: 66. Energy -1.1373058739079005.  Energy change 0.000e+00 , Iteration dutation: 0.006470441818237305
INFO 2021-03-10 20:50:47,599 Iteration: 67. Energy -1.1373058739079007.  Energy change -2.220e-16 , Iteration dutation: 0.0068094730377197266
INFO 2021-03-10 20:50:47,606 Iteration: 68. Energy -1.1373058739079007.  Energy change 0.000e+00 , Iteration dutation: 0.006796121597290039
INFO 2021-03-10 20:50:47,613 Iteration: 69. Energy -1.1373058739079007.  Energy change 0.000e+00 , Iteration dutation: 0.006815910339355469
INFO 2021-03-10 20:50:47,620 Iteration: 70. Energy -1.1373058739079007.  Energy change 0.000e+00 , Iteration dutation: 0.006815195083618164
INFO 2021-03-10 20:50:47,627 Iteration: 71. Energy -1.1373058739079007.  Energy change 0.000e+00 , Iteration dutation: 0.006875514984130859
INFO 2021-03-10 20:50:47,634 Iteration: 72. Energy -1.1373058739079007.  Energy change 0.000e+00 , Iteration dutation: 0.006911039352416992
INFO 2021-03-10 20:50:47,641 Iteration: 73. Energy -1.1373058739079007.  Energy change 0.000e+00 , Iteration dutation: 0.006973981857299805
INFO 2021-03-10 20:50:47,647 Iteration: 74. Energy -1.1373058739079007.  Energy change 0.000e+00 , Iteration dutation: 0.006827831268310547
INFO 2021-03-10 20:50:47,654 Iteration: 75. Energy -1.1373058739079003.  Energy change 4.441e-16 , Iteration dutation: 0.0068149566650390625
INFO 2021-03-10 20:50:47,661 Iteration: 76. Energy -1.1373058739079003.  Energy change 0.000e+00 , Iteration dutation: 0.006812095642089844
INFO 2021-03-10 20:50:47,668 Iteration: 77. Energy -1.1373058739232194.  Energy change -1.532e-11 , Iteration dutation: 0.0068662166595458984
INFO 2021-03-10 20:50:47,675 Iteration: 78. Energy -1.1373058738925828.  Energy change 3.064e-11 , Iteration dutation: 0.0068359375
INFO 2021-03-10 20:50:47,682 Iteration: 79. Energy -1.1373058739232194.  Energy change -3.064e-11 , Iteration dutation: 0.006835222244262695
INFO 2021-03-10 20:50:47,688 Iteration: 80. Energy -1.1373058739232194.  Energy change 0.000e+00 , Iteration dutation: 0.006857872009277344
INFO 2021-03-10 20:50:47,695 Iteration: 81. Energy -1.1373058738925828.  Energy change 3.064e-11 , Iteration dutation: 0.006823301315307617
INFO 2021-03-10 20:50:47,702 Iteration: 82. Energy -1.1373058738925828.  Energy change 0.000e+00 , Iteration dutation: 0.006840705871582031
INFO 2021-03-10 20:50:47,709 Iteration: 83. Energy -1.1373058739232187.  Energy change -3.064e-11 , Iteration dutation: 0.006839752197265625
INFO 2021-03-10 20:50:47,716 Iteration: 84. Energy -1.1373058738925823.  Energy change 3.064e-11 , Iteration dutation: 0.006810426712036133
INFO 2021-03-10 20:50:47,730 Iteration: 85. Energy -1.1373060357419007.  Energy change -1.618e-07 , Iteration dutation: 0.006940603256225586
INFO 2021-03-10 20:50:47,736 Iteration: 86. Energy -1.137306035741902.  Energy change -1.332e-15 , Iteration dutation: 0.014140129089355469
INFO 2021-03-10 20:50:47,743 Iteration: 87. Energy -1.137306035741902.  Energy change 0.000e+00 , Iteration dutation: 0.0064105987548828125
INFO 2021-03-10 20:50:47,750 Iteration: 88. Energy -1.137306035741901.  Energy change 1.110e-15 , Iteration dutation: 0.006879568099975586
INFO 2021-03-10 20:50:47,757 Iteration: 89. Energy -1.137306035741901.  Energy change 0.000e+00 , Iteration dutation: 0.006886482238769531
INFO 2021-03-10 20:50:47,764 Iteration: 90. Energy -1.137306035741901.  Energy change 0.000e+00 , Iteration dutation: 0.006794929504394531
INFO 2021-03-10 20:50:47,771 Iteration: 91. Energy -1.137306035741901.  Energy change 0.000e+00 , Iteration dutation: 0.006917476654052734
INFO 2021-03-10 20:50:47,778 Iteration: 92. Energy -1.137306035741901.  Energy change 0.000e+00 , Iteration dutation: 0.0068206787109375
INFO 2021-03-10 20:50:47,784 Iteration: 93. Energy -1.137306035741901.  Energy change 0.000e+00 , Iteration dutation: 0.006834983825683594
INFO 2021-03-10 20:50:47,791 Iteration: 94. Energy -1.137306035741901.  Energy change 0.000e+00 , Iteration dutation: 0.006900310516357422
INFO 2021-03-10 20:50:47,798 Iteration: 95. Energy -1.137306035741901.  Energy change 0.000e+00 , Iteration dutation: 0.006928682327270508
INFO 2021-03-10 20:50:47,805 Iteration: 96. Energy -1.137306035741904.  Energy change -3.109e-15 , Iteration dutation: 0.00683283805847168
INFO 2021-03-10 20:50:47,812 Iteration: 97. Energy -1.137306035741904.  Energy change 0.000e+00 , Iteration dutation: 0.007014274597167969
INFO 2021-03-10 20:50:47,819 Iteration: 98. Energy -1.1373060357417721.  Energy change 1.319e-13 , Iteration dutation: 0.006852388381958008
INFO 2021-03-10 20:50:47,826 Iteration: 99. Energy -1.137306035742029.  Energy change -2.569e-13 , Iteration dutation: 0.006996870040893555
INFO 2021-03-10 20:50:47,833 Iteration: 100. Energy -1.1373060357417721.  Energy change 2.569e-13 , Iteration dutation: 0.006860017776489258
INFO 2021-03-10 20:50:47,840 Iteration: 101. Energy -1.1373060357417717.  Energy change 4.441e-16 , Iteration dutation: 0.006833791732788086
INFO 2021-03-10 20:50:47,846 Iteration: 102. Energy -1.137306035742029.  Energy change -2.573e-13 , Iteration dutation: 0.00680994987487793
INFO 2021-03-10 20:50:47,853 Iteration: 103. Energy -1.137306035742029.  Energy change 0.000e+00 , Iteration dutation: 0.006885528564453125
INFO 2021-03-10 20:50:47,860 Iteration: 104. Energy -1.1373060357417717.  Energy change 2.573e-13 , Iteration dutation: 0.006872415542602539
INFO 2021-03-10 20:50:47,867 Iteration: 105. Energy -1.137306035742029.  Energy change -2.573e-13 , Iteration dutation: 0.006777286529541016
INFO 2021-03-10 20:50:47,881 Iteration: 106. Energy -1.1373060357530012.  Energy change -1.097e-11 , Iteration dutation: 0.006938934326171875
INFO 2021-03-10 20:50:47,888 Iteration: 107. Energy -1.1373060357529925.  Energy change 8.660e-15 , Iteration dutation: 0.014212608337402344
INFO 2021-03-10 20:50:47,894 Iteration: 108. Energy -1.1373060357529925.  Energy change 0.000e+00 , Iteration dutation: 0.006418704986572266
INFO 2021-03-10 20:50:47,901 Iteration: 109. Energy -1.1373060357530012.  Energy change -8.660e-15 , Iteration dutation: 0.006799936294555664
INFO 2021-03-10 20:50:47,908 Iteration: 110. Energy -1.1373060357530012.  Energy change 0.000e+00 , Iteration dutation: 0.00685429573059082
INFO 2021-03-10 20:50:47,915 Iteration: 111. Energy -1.1373060357530012.  Energy change 0.000e+00 , Iteration dutation: 0.006809711456298828
INFO 2021-03-10 20:50:47,922 Iteration: 112. Energy -1.1373060357530012.  Energy change 0.000e+00 , Iteration dutation: 0.006849765777587891
INFO 2021-03-10 20:50:47,929 Iteration: 113. Energy -1.1373060357530012.  Energy change 0.000e+00 , Iteration dutation: 0.0068378448486328125
INFO 2021-03-10 20:50:47,936 Iteration: 114. Energy -1.1373060357530012.  Energy change 0.000e+00 , Iteration dutation: 0.006841421127319336
INFO 2021-03-10 20:50:47,942 Iteration: 115. Energy -1.1373060357530012.  Energy change 0.000e+00 , Iteration dutation: 0.006968975067138672
INFO 2021-03-10 20:50:47,949 Iteration: 116. Energy -1.1373060357530012.  Energy change 0.000e+00 , Iteration dutation: 0.006829261779785156
INFO 2021-03-10 20:50:47,956 Iteration: 117. Energy -1.1373060357529778.  Energy change 2.331e-14 , Iteration dutation: 0.006871700286865234
INFO 2021-03-10 20:50:47,963 Iteration: 118. Energy -1.1373060357529778.  Energy change 0.000e+00 , Iteration dutation: 0.006952762603759766
INFO 2021-03-10 20:50:47,970 Iteration: 119. Energy -1.1373060357530007.  Energy change -2.287e-14 , Iteration dutation: 0.006843090057373047
INFO 2021-03-10 20:50:47,977 Iteration: 120. Energy -1.1373060357530003.  Energy change 4.441e-16 , Iteration dutation: 0.006832599639892578
INFO 2021-03-10 20:50:47,984 Iteration: 121. Energy -1.1373060357530003.  Energy change 0.000e+00 , Iteration dutation: 0.006808280944824219
INFO 2021-03-10 20:50:47,991 Iteration: 122. Energy -1.1373060357530007.  Energy change -4.441e-16 , Iteration dutation: 0.0068700313568115234
INFO 2021-03-10 20:50:47,998 Iteration: 123. Energy -1.1373060357530003.  Energy change 4.441e-16 , Iteration dutation: 0.007235050201416016
INFO 2021-03-10 20:50:48,004 Iteration: 124. Energy -1.1373060357530005.  Energy change -2.220e-16 , Iteration dutation: 0.00682520866394043
INFO 2021-03-10 20:50:48,011 Iteration: 125. Energy -1.1373060357530007.  Energy change -2.220e-16 , Iteration dutation: 0.0068018436431884766
INFO 2021-03-10 20:50:48,018 Iteration: 126. Energy -1.1373060357530007.  Energy change 0.000e+00 , Iteration dutation: 0.006793498992919922
INFO 2021-03-10 20:50:48,032 Iteration: 127. Energy -1.1373060357377418.  Energy change 1.526e-11 , Iteration dutation: 0.006966590881347656
INFO 2021-03-10 20:50:48,039 Iteration: 128. Energy -1.137306035737794.  Energy change -5.218e-14 , Iteration dutation: 0.014127731323242188
INFO 2021-03-10 20:50:48,046 Iteration: 129. Energy -1.137306035737794.  Energy change 0.000e+00 , Iteration dutation: 0.0064694881439208984
INFO 2021-03-10 20:50:48,053 Iteration: 130. Energy -1.1373060357377414.  Energy change 5.262e-14 , Iteration dutation: 0.00685572624206543
INFO 2021-03-10 20:50:48,059 Iteration: 131. Energy -1.1373060357377414.  Energy change 0.000e+00 , Iteration dutation: 0.00684356689453125
INFO 2021-03-10 20:50:48,066 Iteration: 132. Energy -1.1373060357377414.  Energy change 0.000e+00 , Iteration dutation: 0.0069217681884765625
INFO 2021-03-10 20:50:48,073 Iteration: 133. Energy -1.1373060357377414.  Energy change 0.000e+00 , Iteration dutation: 0.006857156753540039
INFO 2021-03-10 20:50:48,080 Iteration: 134. Energy -1.1373060357377414.  Energy change 0.000e+00 , Iteration dutation: 0.006828784942626953
INFO 2021-03-10 20:50:48,087 Iteration: 135. Energy -1.1373060357377414.  Energy change 0.000e+00 , Iteration dutation: 0.006856441497802734
INFO 2021-03-10 20:50:48,094 Iteration: 136. Energy -1.1373060357377414.  Energy change 0.000e+00 , Iteration dutation: 0.00681757926940918
INFO 2021-03-10 20:50:48,100 Iteration: 137. Energy -1.1373060357377414.  Energy change 0.000e+00 , Iteration dutation: 0.006824970245361328
INFO 2021-03-10 20:50:48,107 Iteration: 138. Energy -1.1373060357378986.  Energy change -1.572e-13 , Iteration dutation: 0.006848573684692383
INFO 2021-03-10 20:50:48,114 Iteration: 139. Energy -1.1373060357378986.  Energy change 0.000e+00 , Iteration dutation: 0.006814718246459961
INFO 2021-03-10 20:50:48,121 Iteration: 140. Energy -1.137306035737771.  Energy change 1.277e-13 , Iteration dutation: 0.006930112838745117
INFO 2021-03-10 20:50:48,128 Iteration: 141. Energy -1.1373060357377132.  Energy change 5.773e-14 , Iteration dutation: 0.006892681121826172
INFO 2021-03-10 20:50:48,135 Iteration: 142. Energy -1.1373060357377711.  Energy change -5.795e-14 , Iteration dutation: 0.00699162483215332
INFO 2021-03-10 20:50:48,142 Iteration: 143. Energy -1.137306035737771.  Energy change 2.220e-16 , Iteration dutation: 0.006949663162231445
INFO 2021-03-10 20:50:48,149 Iteration: 144. Energy -1.1373060357377127.  Energy change 5.818e-14 , Iteration dutation: 0.006865262985229492
INFO 2021-03-10 20:50:48,156 Iteration: 145. Energy -1.1373060357377123.  Energy change 4.441e-16 , Iteration dutation: 0.0068013668060302734
INFO 2021-03-10 20:50:48,163 Iteration: 146. Energy -1.1373060357377707.  Energy change -5.840e-14 , Iteration dutation: 0.006800174713134766
INFO 2021-03-10 20:50:48,169 Iteration: 147. Energy -1.1373060357377127.  Energy change 5.795e-14 , Iteration dutation: 0.006974935531616211
INFO 2021-03-10 20:50:48,183 Iteration: 148. Energy -1.1373060357533307.  Energy change -1.562e-11 , Iteration dutation: 0.006862640380859375
INFO 2021-03-10 20:50:48,190 Iteration: 149. Energy -1.13730603575333.  Energy change 6.661e-16 , Iteration dutation: 0.014093399047851562
INFO 2021-03-10 20:50:48,197 Iteration: 150. Energy -1.13730603575333.  Energy change 0.000e+00 , Iteration dutation: 0.006486177444458008
INFO 2021-03-10 20:50:48,204 Iteration: 151. Energy -1.1373060357533307.  Energy change -6.661e-16 , Iteration dutation: 0.006822824478149414
INFO 2021-03-10 20:50:48,211 Iteration: 152. Energy -1.1373060357533307.  Energy change 0.000e+00 , Iteration dutation: 0.006903886795043945
INFO 2021-03-10 20:50:48,217 Iteration: 153. Energy -1.1373060357533307.  Energy change 0.000e+00 , Iteration dutation: 0.0068891048431396484
INFO 2021-03-10 20:50:48,224 Iteration: 154. Energy -1.1373060357533307.  Energy change 0.000e+00 , Iteration dutation: 0.0068209171295166016
INFO 2021-03-10 20:50:48,231 Iteration: 155. Energy -1.1373060357533307.  Energy change 0.000e+00 , Iteration dutation: 0.006963491439819336
INFO 2021-03-10 20:50:48,238 Iteration: 156. Energy -1.1373060357533307.  Energy change 0.000e+00 , Iteration dutation: 0.00686955451965332
INFO 2021-03-10 20:50:48,245 Iteration: 157. Energy -1.1373060357533307.  Energy change 0.000e+00 , Iteration dutation: 0.006794929504394531
INFO 2021-03-10 20:50:48,252 Iteration: 158. Energy -1.1373060357533307.  Energy change 0.000e+00 , Iteration dutation: 0.006834506988525391
INFO 2021-03-10 20:50:48,259 Iteration: 159. Energy -1.1373060357533296.  Energy change 1.110e-15 , Iteration dutation: 0.00706028938293457
INFO 2021-03-10 20:50:48,266 Iteration: 160. Energy -1.1373060357533296.  Energy change 0.000e+00 , Iteration dutation: 0.006814479827880859
INFO 2021-03-10 20:50:48,272 Iteration: 161. Energy -1.1373060357533333.  Energy change -3.775e-15 , Iteration dutation: 0.006821155548095703
INFO 2021-03-10 20:50:48,279 Iteration: 162. Energy -1.137306035753327.  Energy change 6.439e-15 , Iteration dutation: 0.0067958831787109375
INFO 2021-03-10 20:50:48,286 Iteration: 163. Energy -1.1373060357533333.  Energy change -6.439e-15 , Iteration dutation: 0.006805419921875
INFO 2021-03-10 20:50:48,293 Iteration: 164. Energy -1.1373060357533336.  Energy change -2.220e-16 , Iteration dutation: 0.006838560104370117
INFO 2021-03-10 20:50:48,300 Iteration: 165. Energy -1.137306035753327.  Energy change 6.661e-15 , Iteration dutation: 0.0068361759185791016
INFO 2021-03-10 20:50:48,306 Iteration: 166. Energy -1.137306035753327.  Energy change 0.000e+00 , Iteration dutation: 0.006813526153564453
INFO 2021-03-10 20:50:48,313 Iteration: 167. Energy -1.1373060357533338.  Energy change -6.883e-15 , Iteration dutation: 0.006815671920776367
INFO 2021-03-10 20:50:48,321 Iteration: 168. Energy -1.137306035753327.  Energy change 6.883e-15 , Iteration dutation: 0.0068624019622802734
INFO 2021-03-10 20:50:48,335 Iteration: 169. Energy -1.137306035753337.  Energy change -1.021e-14 , Iteration dutation: 0.0073394775390625
INFO 2021-03-10 20:50:48,341 Iteration: 170. Energy -1.1373060357533384.  Energy change -1.332e-15 , Iteration dutation: 0.014172792434692383
INFO 2021-03-10 20:50:48,348 Iteration: 171. Energy -1.1373060357533384.  Energy change 0.000e+00 , Iteration dutation: 0.0063817501068115234
INFO 2021-03-10 20:50:48,355 Iteration: 172. Energy -1.137306035753337.  Energy change 1.332e-15 , Iteration dutation: 0.006801605224609375
INFO 2021-03-10 20:50:48,362 Iteration: 173. Energy -1.137306035753337.  Energy change 0.000e+00 , Iteration dutation: 0.006859779357910156
INFO 2021-03-10 20:50:48,369 Iteration: 174. Energy -1.137306035753337.  Energy change 0.000e+00 , Iteration dutation: 0.0069773197174072266
INFO 2021-03-10 20:50:48,376 Iteration: 175. Energy -1.137306035753337.  Energy change 0.000e+00 , Iteration dutation: 0.006834268569946289
INFO 2021-03-10 20:50:48,383 Iteration: 176. Energy -1.137306035753337.  Energy change 0.000e+00 , Iteration dutation: 0.006949663162231445
INFO 2021-03-10 20:50:48,389 Iteration: 177. Energy -1.137306035753337.  Energy change 0.000e+00 , Iteration dutation: 0.006975412368774414
INFO 2021-03-10 20:50:48,396 Iteration: 178. Energy -1.137306035753337.  Energy change 0.000e+00 , Iteration dutation: 0.006874561309814453
INFO 2021-03-10 20:50:48,403 Iteration: 179. Energy -1.137306035753337.  Energy change 0.000e+00 , Iteration dutation: 0.006800413131713867
INFO 2021-03-10 20:50:48,410 Iteration: 180. Energy -1.1373060357533369.  Energy change 2.220e-16 , Iteration dutation: 0.0068149566650390625
INFO 2021-03-10 20:50:48,417 Iteration: 181. Energy -1.1373060357533369.  Energy change 0.000e+00 , Iteration dutation: 0.006819248199462891
INFO 2021-03-10 20:50:48,424 Iteration: 182. Energy -1.1373060357533376.  Energy change -6.661e-16 , Iteration dutation: 0.006849050521850586
INFO 2021-03-10 20:50:48,430 Iteration: 183. Energy -1.1373060357533369.  Energy change 6.661e-16 , Iteration dutation: 0.0068471431732177734
INFO 2021-03-10 20:50:48,437 Iteration: 184. Energy -1.1373060357533376.  Energy change -6.661e-16 , Iteration dutation: 0.006856203079223633
INFO 2021-03-10 20:50:48,444 Iteration: 185. Energy -1.137306035753337.  Energy change 4.441e-16 , Iteration dutation: 0.006822347640991211
INFO 2021-03-10 20:50:48,451 Iteration: 186. Energy -1.1373060357533367.  Energy change 4.441e-16 , Iteration dutation: 0.006911039352416992
INFO 2021-03-10 20:50:48,458 Iteration: 187. Energy -1.1373060357533367.  Energy change 0.000e+00 , Iteration dutation: 0.006821155548095703
INFO 2021-03-10 20:50:48,465 Iteration: 188. Energy -1.137306035753337.  Energy change -4.441e-16 , Iteration dutation: 0.006826639175415039
INFO 2021-03-10 20:50:48,471 Iteration: 189. Energy -1.1373060357533367.  Energy change 4.441e-16 , Iteration dutation: 0.006819486618041992
CRITICAL 2021-03-10 20:50:48,472       fun: -1.137306035753337
 hess_inv: array([[ 9.50134862e-01, -4.98651384e-02, -5.50403511e-05,
        -5.50403511e-05, -5.50406998e-05, -5.50406998e-05,
        -5.50406998e-05, -5.50406998e-05, -5.50403511e-05,
        -5.50403511e-05, -1.39084453e-01, -1.39084453e-01,
         1.60619379e-03, -1.95079419e-03, -1.17884033e-03,
         1.25184769e-04, -1.95079419e-03, -5.58277131e-04,
        -1.46590993e-03,  8.34237541e-04],
       [-4.98651384e-02,  9.50134862e-01, -5.50403511e-05,
        -5.50403511e-05, -5.50406998e-05, -5.50406998e-05,
        -5.50406998e-05, -5.50406998e-05, -5.50403511e-05,
        -5.50403511e-05, -1.39084453e-01, -1.39084453e-01,
         1.60619379e-03, -1.95079419e-03, -1.17884033e-03,
         1.25184769e-04, -1.95079419e-03, -5.58277131e-04,
        -1.46590993e-03,  8.34237541e-04],
       [-5.50403511e-05, -5.50403511e-05,  1.00000061e+00,
         6.13049635e-07,  6.13056072e-07,  6.13056072e-07,
         6.13056072e-07,  6.13056072e-07,  6.13049635e-07,
         6.13049635e-07, -1.18644616e-04, -1.18644616e-04,
        -3.62903763e-05, -1.79698189e-05, -3.77891663e-05,
        -2.76859561e-05, -1.79698189e-05, -1.72204238e-05,
        -1.78574065e-05, -1.64723592e-05],
       [-5.50403511e-05, -5.50403511e-05,  6.13049635e-07,
         1.00000061e+00,  6.13056072e-07,  6.13056072e-07,
         6.13056072e-07,  6.13056072e-07,  6.13049635e-07,
         6.13049635e-07, -1.18644616e-04, -1.18644616e-04,
        -3.62903763e-05, -1.79698189e-05, -3.77891663e-05,
        -2.76859561e-05, -1.79698189e-05, -1.72204238e-05,
        -1.78574065e-05, -1.64723592e-05],
       [-5.50406998e-05, -5.50406998e-05,  6.13056072e-07,
         6.13056072e-07,  1.00000061e+00,  6.13062509e-07,
         6.13062509e-07,  6.13062509e-07,  6.13056072e-07,
         6.13056072e-07, -1.18644868e-04, -1.18644868e-04,
        -3.62959851e-05, -1.79653002e-05, -3.77947603e-05,
        -2.76913522e-05, -1.79653002e-05, -1.72159126e-05,
        -1.78625769e-05, -1.64678553e-05],
       [-5.50406998e-05, -5.50406998e-05,  6.13056072e-07,
         6.13056072e-07,  6.13062509e-07,  1.00000061e+00,
         6.13062509e-07,  6.13062509e-07,  6.13056072e-07,
         6.13056072e-07, -1.18644868e-04, -1.18644868e-04,
        -3.62959851e-05, -1.79653002e-05, -3.77947603e-05,
        -2.76913522e-05, -1.79653002e-05, -1.72159126e-05,
        -1.78625769e-05, -1.64678553e-05],
       [-5.50406998e-05, -5.50406998e-05,  6.13056072e-07,
         6.13056072e-07,  6.13062509e-07,  6.13062509e-07,
         1.00000061e+00,  6.13062509e-07,  6.13056072e-07,
         6.13056072e-07, -1.18644868e-04, -1.18644868e-04,
        -3.62959851e-05, -1.79653002e-05, -3.77947603e-05,
        -2.76913522e-05, -1.79653002e-05, -1.72159126e-05,
        -1.78625769e-05, -1.64678553e-05],
       [-5.50406998e-05, -5.50406998e-05,  6.13056072e-07,
         6.13056072e-07,  6.13062509e-07,  6.13062509e-07,
         6.13062509e-07,  1.00000061e+00,  6.13056072e-07,
         6.13056072e-07, -1.18644868e-04, -1.18644868e-04,
        -3.62959851e-05, -1.79653002e-05, -3.77947603e-05,
        -2.76913522e-05, -1.79653002e-05, -1.72159126e-05,
        -1.78625769e-05, -1.64678553e-05],
       [-5.50403511e-05, -5.50403511e-05,  6.13049635e-07,
         6.13049635e-07,  6.13056072e-07,  6.13056072e-07,
         6.13056072e-07,  6.13056072e-07,  1.00000061e+00,
         6.13049635e-07, -1.18644616e-04, -1.18644616e-04,
        -3.62903763e-05, -1.79698189e-05, -3.77891663e-05,
        -2.76859561e-05, -1.79698189e-05, -1.72204238e-05,
        -1.78574065e-05, -1.64723592e-05],
       [-5.50403511e-05, -5.50403511e-05,  6.13049635e-07,
         6.13049635e-07,  6.13056072e-07,  6.13056072e-07,
         6.13056072e-07,  6.13056072e-07,  6.13049635e-07,
         1.00000061e+00, -1.18644616e-04, -1.18644616e-04,
        -3.62903763e-05, -1.79698189e-05, -3.77891663e-05,
        -2.76859561e-05, -1.79698189e-05, -1.72204238e-05,
        -1.78574065e-05, -1.64723592e-05],
       [-1.39084453e-01, -1.39084453e-01, -1.18644616e-04,
        -1.18644616e-04, -1.18644868e-04, -1.18644868e-04,
        -1.18644868e-04, -1.18644868e-04, -1.18644616e-04,
        -1.18644616e-04,  6.12463219e-01, -3.87536781e-01,
         3.38189257e-03, -5.05841488e-03, -4.37491408e-03,
        -6.75866587e-04, -5.05841488e-03, -1.18001155e-03,
        -4.97092026e-03,  2.69838892e-03],
       [-1.39084453e-01, -1.39084453e-01, -1.18644616e-04,
        -1.18644616e-04, -1.18644868e-04, -1.18644868e-04,
        -1.18644868e-04, -1.18644868e-04, -1.18644616e-04,
        -1.18644616e-04, -3.87536781e-01,  6.12463219e-01,
         3.38189257e-03, -5.05841488e-03, -4.37491408e-03,
        -6.75866587e-04, -5.05841488e-03, -1.18001155e-03,
        -4.97092026e-03,  2.69838892e-03],
       [ 1.60619379e-03,  1.60619379e-03, -3.62903763e-05,
        -3.62903763e-05, -3.62959851e-05, -3.62959851e-05,
        -3.62959851e-05, -3.62959851e-05, -3.62903763e-05,
        -3.62903763e-05,  3.38189257e-03,  3.38189257e-03,
         8.81426330e-01,  1.20342530e-01, -1.18529349e-01,
        -1.18820977e-01,  1.20342530e-01,  1.20320369e-01,
        -1.19140904e-01,  1.20298197e-01],
       [-1.95079419e-03, -1.95079419e-03, -1.79698189e-05,
        -1.79698189e-05, -1.79653002e-05, -1.79653002e-05,
        -1.79653002e-05, -1.79653002e-05, -1.79698189e-05,
        -1.79698189e-05, -5.05841488e-03, -5.05841488e-03,
         1.20342530e-01,  8.79136704e-01,  1.20256665e-01,
         1.20434670e-01, -1.20863296e-01, -1.20820363e-01,
         1.20490905e-01, -1.20777420e-01],
       [-1.17884033e-03, -1.17884033e-03, -3.77891663e-05,
        -3.77891663e-05, -3.77947603e-05, -3.77947603e-05,
        -3.77947603e-05, -3.77947603e-05, -3.77891663e-05,
        -3.77891663e-05, -4.37491408e-03, -4.37491408e-03,
        -1.18529349e-01,  1.20256665e-01,  8.81359593e-01,
        -1.18858277e-01,  1.20256665e-01,  1.20312194e-01,
        -1.19262824e-01,  1.20367712e-01],
       [ 1.25184769e-04,  1.25184769e-04, -2.76859561e-05,
        -2.76859561e-05, -2.76913522e-05, -2.76913522e-05,
        -2.76913522e-05, -2.76913522e-05, -2.76859561e-05,
        -2.76859561e-05, -6.75866587e-04, -6.75866587e-04,
        -1.18820977e-01,  1.20434670e-01, -1.18858277e-01,
         8.80894845e-01,  1.20434670e-01,  1.20453320e-01,
        -1.19444739e-01,  1.20471962e-01],
       [-1.95079419e-03, -1.95079419e-03, -1.79698189e-05,
        -1.79698189e-05, -1.79653002e-05, -1.79653002e-05,
        -1.79653002e-05, -1.79653002e-05, -1.79698189e-05,
        -1.79698189e-05, -5.05841488e-03, -5.05841488e-03,
         1.20342530e-01, -1.20863296e-01,  1.20256665e-01,
         1.20434670e-01,  8.79136704e-01, -1.20820363e-01,
         1.20490905e-01, -1.20777420e-01],
       [-5.58277131e-04, -5.58277131e-04, -1.72204238e-05,
        -1.72204238e-05, -1.72159126e-05, -1.72159126e-05,
        -1.72159126e-05, -1.72159126e-05, -1.72204238e-05,
        -1.72204238e-05, -1.18001155e-03, -1.18001155e-03,
         1.20320369e-01, -1.20820363e-01,  1.20312194e-01,
         1.20453320e-01, -1.20820363e-01,  8.79183725e-01,
         1.20551864e-01, -1.20812177e-01],
       [-1.46590993e-03, -1.46590993e-03, -1.78574065e-05,
        -1.78574065e-05, -1.78625769e-05, -1.78625769e-05,
        -1.78625769e-05, -1.78625769e-05, -1.78574065e-05,
        -1.78574065e-05, -4.97092026e-03, -4.97092026e-03,
        -1.19140904e-01,  1.20490905e-01, -1.19262824e-01,
        -1.19444739e-01,  1.20490905e-01,  1.20551864e-01,
         8.80215678e-01,  1.20612816e-01],
       [ 8.34237541e-04,  8.34237541e-04, -1.64723592e-05,
        -1.64723592e-05, -1.64678553e-05, -1.64678553e-05,
        -1.64678553e-05, -1.64678553e-05, -1.64723592e-05,
        -1.64723592e-05,  2.69838892e-03,  2.69838892e-03,
         1.20298197e-01, -1.20777420e-01,  1.20367712e-01,
         1.20471962e-01, -1.20777420e-01, -1.20812177e-01,
         1.20612816e-01,  8.79153076e-01]])
      jac: array([-8.94069672e-08, -8.94069672e-08,  0.00000000e+00,  0.00000000e+00,
        0.00000000e+00,  0.00000000e+00,  0.00000000e+00,  0.00000000e+00,
        0.00000000e+00,  0.00000000e+00,  1.49011612e-08,  1.49011612e-08,
       -2.98023224e-08,  1.49011612e-08, -2.98023224e-08,  0.00000000e+00,
        2.98023224e-08,  2.98023224e-08,  0.00000000e+00,  2.98023224e-08])
  message: 'Optimization terminated successfully.'
  n_iters: 190
     nfev: 189
      nit: 5
     njev: 9
   status: 0
  success: True
        x: array([-1.55434226e-08, -1.55434226e-08,  1.41540403e-08,  1.41540403e-08,
        1.46872579e-08,  1.46872579e-08,  1.46872579e-08,  1.46872579e-08,
        1.41540403e-08,  1.41540403e-08,  8.06211728e-10,  8.06211728e-10,
        1.39710379e-02, -1.39710944e-02,  1.39710356e-02,  1.39710228e-02,
       -1.39710944e-02, -1.39710933e-02,  1.39709933e-02, -1.39711220e-02])
