,iteration,energy,energy change,iteration duration,params
0,1,-1.8072317275550773,0.29131420927483687,9.846687316894531e-05,"[ 0.1929872   0.08064198  0.12437845  0.06195924  0.07253958  0.04102161
 -0.04894561 -0.04813692  0.0541742   0.03015939 -0.01990342]"
1,2,-1.66494309609622,0.1422886314588574,196.98234176635742,"[ 0.1929872   0.08064198  0.12437845  0.06195924  0.07253958  0.04102161
 -0.04894561 -0.04813692  0.0541742   0.03015939 -0.01990342]"
2,3,-1.1526056057503513,0.5123374903458686,198.76197338104248,"[ 0.1929872   0.08064198  0.12437845  0.06195924  0.07253958  0.04102161
 -0.04894561 -0.04813692  0.0541742   0.03015939 -0.01990342]"
3,4,-1.14308803304896,0.009517572701391419,237.35301876068115,"[ 0.1929872   0.08064198  0.12437845  0.06195924  0.07253958  0.04102161
 -0.04894561 -0.04813692  0.0541742   0.03015939 -0.01990342]"
4,5,-0.7604276372622722,0.38266039578668765,307.56468892097473,"[ 0.1929872   0.08064198  0.12437845  0.06195924  0.07253958  0.04102161
 -0.04894561 -0.04813692  0.0541742   0.03015939 -0.01990342]"
5,6,-1.3817674316444268,-0.6213397943821546,305.20846462249756,"[ 0.1929872   0.08064198  0.12437845  0.06195924  0.07253958  0.04102161
 -0.04894561 -0.04813692  0.0541742   0.03015939 -0.01990342]"
6,7,-0.9903957785816693,0.39137165306275756,298.4934537410736,"[ 0.1929872   0.08064198  0.12437845  0.06195924  0.07253958  0.04102161
 -0.04894561 -0.04813692  0.0541742   0.03015939 -0.01990342]"
7,8,-1.0910822040568764,-0.10068642547520712,313.2378981113434,"[ 0.1929872   0.08064198  0.12437845  0.06195924  0.07253958  0.04102161
 -0.04894561 -0.04813692  0.0541742   0.03015939 -0.01990342]"
8,9,-1.0851297002856926,0.005952503771183837,305.89395475387573,"[ 0.1929872   0.08064198  0.12437845  0.06195924  0.07253958  0.04102161
 -0.04894561 -0.04813692  0.0541742   0.03015939 -0.01990342]"
9,10,-1.2585746970681666,-0.17344499678247405,306.7723195552826,"[ 0.1929872   0.08064198  0.12437845  0.06195924  0.07253958  0.04102161
 -0.04894561 -0.04813692  0.0541742   0.03015939 -0.01990342]"
10,11,-1.2517117074492354,0.00686298961893117,304.296373128891,"[ 0.1929872   0.08064198  0.12437845  0.06195924  0.07253958  0.04102161
 -0.04894561 -0.04813692  0.0541742   0.03015939 -0.01990342]"
11,12,-1.4253675306941456,-0.17365582324491013,307.17421770095825,"[ 0.1929872   0.08064198  0.12437845  0.06195924  0.07253958  0.04102161
 -0.04894561 -0.04813692  0.0541742   0.03015939 -0.01990342]"
12,13,-0.4960379464886154,0.9293295842055302,304.6151010990143,"[ 0.1929872   0.08064198  0.12437845  0.06195924  0.07253958  0.04102161
 -0.04894561 -0.04813692  0.0541742   0.03015939 -0.01990342]"
13,14,-1.0295707488864707,-0.5335328023978554,306.37029004096985,"[ 0.1929872   0.08064198  0.12437845  0.06195924  0.07253958  0.04102161
 -0.04894561 -0.04813692  0.0541742   0.03015939 -0.01990342]"
14,15,-1.757692809431875,-0.7281220605454042,302.3997702598572,"[ 0.1929872   0.08064198  0.12437845  0.06195924  0.07253958  0.04102161
 -0.04894561 -0.04813692  0.0541742   0.03015939 -0.01990342]"
15,16,-1.7558741819456372,0.0018186274862377338,301.6119575500488,"[ 0.1929872   0.08064198  0.12437845  0.06195924  0.07253958  0.04102161
 -0.04894561 -0.04813692  0.0541742   0.03015939 -0.01990342]"
16,17,-1.7812225014380276,-0.02534831949239047,293.5853669643402,"[ 0.1929872   0.08064198  0.12437845  0.06195924  0.07253958  0.04102161
 -0.04894561 -0.04813692  0.0541742   0.03015939 -0.01990342]"
17,18,-1.7566058664111208,0.024616635026906808,287.6319749355316,"[ 0.1929872   0.08064198  0.12437845  0.06195924  0.07253958  0.04102161
 -0.04894561 -0.04813692  0.0541742   0.03015939 -0.01990342]"
18,19,-1.8306208721649138,-0.07401500575379294,294.83690190315247,"[ 0.1929872   0.08064198  0.12437845  0.06195924  0.07253958  0.04102161
 -0.04894561 -0.04813692  0.0541742   0.03015939 -0.01990342]"
19,20,-1.845556522724205,-0.014935650559291247,288.42982959747314,"[ 0.1929872   0.08064198  0.12437845  0.06195924  0.07253958  0.04102161
 -0.04894561 -0.04813692  0.0541742   0.03015939 -0.01990342]"
20,21,-1.87117095959314,-0.025614436868935053,298.38273334503174,"[ 0.1929872   0.08064198  0.12437845  0.06195924  0.07253958  0.04102161
 -0.04894561 -0.04813692  0.0541742   0.03015939 -0.01990342]"
21,22,-1.8265972954240028,0.04457366416913722,290.0259873867035,"[ 0.1929872   0.08064198  0.12437845  0.06195924  0.07253958  0.04102161
 -0.04894561 -0.04813692  0.0541742   0.03015939 -0.01990342]"
22,23,-1.9011745959480304,-0.07457730052402756,291.6752336025238,"[ 0.1929872   0.08064198  0.12437845  0.06195924  0.07253958  0.04102161
 -0.04894561 -0.04813692  0.0541742   0.03015939 -0.01990342]"
23,24,-1.8998342681223392,0.0013403278256911566,296.31399512290955,"[ 0.1929872   0.08064198  0.12437845  0.06195924  0.07253958  0.04102161
 -0.04894561 -0.04813692  0.0541742   0.03015939 -0.01990342]"
24,25,-1.960560691734195,-0.06072642361185565,291.05335783958435,"[ 0.1929872   0.08064198  0.12437845  0.06195924  0.07253958  0.04102161
 -0.04894561 -0.04813692  0.0541742   0.03015939 -0.01990342]"
25,26,-1.879339314327034,0.08122137740716084,293.06705117225647,"[ 0.1929872   0.08064198  0.12437845  0.06195924  0.07253958  0.04102161
 -0.04894561 -0.04813692  0.0541742   0.03015939 -0.01990342]"
26,27,-1.9633873034016107,-0.08404798907457667,291.65447330474854,"[ 0.1929872   0.08064198  0.12437845  0.06195924  0.07253958  0.04102161
 -0.04894561 -0.04813692  0.0541742   0.03015939 -0.01990342]"
27,28,-1.8670613225834642,0.09632598081814647,297.6147527694702,"[ 0.1929872   0.08064198  0.12437845  0.06195924  0.07253958  0.04102161
 -0.04894561 -0.04813692  0.0541742   0.03015939 -0.01990342]"
28,29,-1.9492863000584502,-0.08222497747498592,290.6286735534668,"[ 0.1929872   0.08064198  0.12437845  0.06195924  0.07253958  0.04102161
 -0.04894561 -0.04813692  0.0541742   0.03015939 -0.01990342]"
29,30,-1.8773545164230787,0.07193178363537145,296.82098960876465,"[ 0.1929872   0.08064198  0.12437845  0.06195924  0.07253958  0.04102161
 -0.04894561 -0.04813692  0.0541742   0.03015939 -0.01990342]"
30,31,-1.9833644557843857,-0.10600993936130698,292.8646492958069,"[ 0.1929872   0.08064198  0.12437845  0.06195924  0.07253958  0.04102161
 -0.04894561 -0.04813692  0.0541742   0.03015939 -0.01990342]"
31,32,-1.9350870442326151,0.048277411551770566,291.2521336078644,"[ 0.1929872   0.08064198  0.12437845  0.06195924  0.07253958  0.04102161
 -0.04894561 -0.04813692  0.0541742   0.03015939 -0.01990342]"
32,33,-2.0732992340294203,-0.13821218979680516,299.7466518878937,"[ 0.1929872   0.08064198  0.12437845  0.06195924  0.07253958  0.04102161
 -0.04894561 -0.04813692  0.0541742   0.03015939 -0.01990342]"
33,34,-2.020515768764601,0.05278346526481936,290.480299949646,"[ 0.1929872   0.08064198  0.12437845  0.06195924  0.07253958  0.04102161
 -0.04894561 -0.04813692  0.0541742   0.03015939 -0.01990342]"
34,35,-2.0822170332854566,-0.06170126452085567,295.45687794685364,"[ 0.1929872   0.08064198  0.12437845  0.06195924  0.07253958  0.04102161
 -0.04894561 -0.04813692  0.0541742   0.03015939 -0.01990342]"
35,36,-2.0683735793202658,0.013843453965190822,293.9530441761017,"[ 0.1929872   0.08064198  0.12437845  0.06195924  0.07253958  0.04102161
 -0.04894561 -0.04813692  0.0541742   0.03015939 -0.01990342]"
36,37,-2.02147548868973,0.04689809063053563,293.2150249481201,"[ 0.1929872   0.08064198  0.12437845  0.06195924  0.07253958  0.04102161
 -0.04894561 -0.04813692  0.0541742   0.03015939 -0.01990342]"
37,38,-2.070726747763249,-0.049251259073519016,292.5067524909973,"[ 0.1929872   0.08064198  0.12437845  0.06195924  0.07253958  0.04102161
 -0.04894561 -0.04813692  0.0541742   0.03015939 -0.01990342]"
38,39,-2.021574536060925,0.04915221170232398,295.79532194137573,"[ 0.1929872   0.08064198  0.12437845  0.06195924  0.07253958  0.04102161
 -0.04894561 -0.04813692  0.0541742   0.03015939 -0.01990342]"
39,40,-1.9061628497159182,0.11541168634500698,294.1224422454834,"[ 0.1929872   0.08064198  0.12437845  0.06195924  0.07253958  0.04102161
 -0.04894561 -0.04813692  0.0541742   0.03015939 -0.01990342]"
40,41,-2.0760465322175317,-0.16988368250161345,292.6973671913147,"[ 0.1929872   0.08064198  0.12437845  0.06195924  0.07253958  0.04102161
 -0.04894561 -0.04813692  0.0541742   0.03015939 -0.01990342]"
41,42,-2.055526769951619,0.02051976226591279,291.059118270874,"[ 0.1929872   0.08064198  0.12437845  0.06195924  0.07253958  0.04102161
 -0.04894561 -0.04813692  0.0541742   0.03015939 -0.01990342]"
42,43,-2.08142916069154,-0.025902390739921177,290.4590873718262,"[ 0.1929872   0.08064198  0.12437845  0.06195924  0.07253958  0.04102161
 -0.04894561 -0.04813692  0.0541742   0.03015939 -0.01990342]"
43,44,-2.0713808570040158,0.010048303687524296,290.5131051540375,"[ 0.1929872   0.08064198  0.12437845  0.06195924  0.07253958  0.04102161
 -0.04894561 -0.04813692  0.0541742   0.03015939 -0.01990342]"
44,45,-2.103660491381513,-0.032279634377497146,290.13403511047363,"[ 0.1929872   0.08064198  0.12437845  0.06195924  0.07253958  0.04102161
 -0.04894561 -0.04813692  0.0541742   0.03015939 -0.01990342]"
45,46,-2.1047609076328073,-0.0011004162512944227,292.4882719516754,"[ 0.1929872   0.08064198  0.12437845  0.06195924  0.07253958  0.04102161
 -0.04894561 -0.04813692  0.0541742   0.03015939 -0.01990342]"
46,47,-2.070684078798525,0.03407682883428231,291.13965249061584,"[ 0.1929872   0.08064198  0.12437845  0.06195924  0.07253958  0.04102161
 -0.04894561 -0.04813692  0.0541742   0.03015939 -0.01990342]"
47,48,-2.1020692500622777,-0.03138517126375273,291.3075096607208,"[ 0.1929872   0.08064198  0.12437845  0.06195924  0.07253958  0.04102161
 -0.04894561 -0.04813692  0.0541742   0.03015939 -0.01990342]"
48,49,-2.134977692487351,-0.0329084424250734,296.6074492931366,"[ 0.1929872   0.08064198  0.12437845  0.06195924  0.07253958  0.04102161
 -0.04894561 -0.04813692  0.0541742   0.03015939 -0.01990342]"
49,50,-2.1315352771798484,0.0034424153075027775,289.4173765182495,"[ 0.1929872   0.08064198  0.12437845  0.06195924  0.07253958  0.04102161
 -0.04894561 -0.04813692  0.0541742   0.03015939 -0.01990342]"
50,51,-2.1484993955150697,-0.01696411833522138,299.04685044288635,"[ 0.1929872   0.08064198  0.12437845  0.06195924  0.07253958  0.04102161
 -0.04894561 -0.04813692  0.0541742   0.03015939 -0.01990342]"
51,52,-2.132247149898811,0.016252245616258598,298.4660334587097,"[ 0.1929872   0.08064198  0.12437845  0.06195924  0.07253958  0.04102161
 -0.04894561 -0.04813692  0.0541742   0.03015939 -0.01990342]"
52,53,-2.141711586738249,-0.009464436839437873,319.98123478889465,"[ 0.1929872   0.08064198  0.12437845  0.06195924  0.07253958  0.04102161
 -0.04894561 -0.04813692  0.0541742   0.03015939 -0.01990342]"
53,54,-2.1435678338389432,-0.0018562471006942083,320.97126936912537,"[ 0.1929872   0.08064198  0.12437845  0.06195924  0.07253958  0.04102161
 -0.04894561 -0.04813692  0.0541742   0.03015939 -0.01990342]"
54,55,-2.1371926647001787,0.006375169138764569,318.71225142478943,"[ 0.1929872   0.08064198  0.12437845  0.06195924  0.07253958  0.04102161
 -0.04894561 -0.04813692  0.0541742   0.03015939 -0.01990342]"
55,56,-2.147086366153488,-0.009893701453309145,317.45903301239014,"[ 0.1929872   0.08064198  0.12437845  0.06195924  0.07253958  0.04102161
 -0.04894561 -0.04813692  0.0541742   0.03015939 -0.01990342]"
56,57,-2.156627957715665,-0.009541591562177043,317.3842589855194,"[ 0.1929872   0.08064198  0.12437845  0.06195924  0.07253958  0.04102161
 -0.04894561 -0.04813692  0.0541742   0.03015939 -0.01990342]"
57,58,-2.1539300398699233,0.002697917845741582,318.7924964427948,"[ 0.1929872   0.08064198  0.12437845  0.06195924  0.07253958  0.04102161
 -0.04894561 -0.04813692  0.0541742   0.03015939 -0.01990342]"
58,59,-2.160525982809231,-0.006595942939307875,313.1797676086426,"[ 0.1929872   0.08064198  0.12437845  0.06195924  0.07253958  0.04102161
 -0.04894561 -0.04813692  0.0541742   0.03015939 -0.01990342]"
59,60,-2.1575699576889,0.0029560251203313292,316.77869415283203,"[ 0.1929872   0.08064198  0.12437845  0.06195924  0.07253958  0.04102161
 -0.04894561 -0.04813692  0.0541742   0.03015939 -0.01990342]"
60,61,-2.1581114488694633,-0.0005414911805634581,318.20944809913635,"[ 0.1929872   0.08064198  0.12437845  0.06195924  0.07253958  0.04102161
 -0.04894561 -0.04813692  0.0541742   0.03015939 -0.01990342]"
61,62,-2.157885484039229,0.00022596483023429315,321.6985561847687,"[ 0.1929872   0.08064198  0.12437845  0.06195924  0.07253958  0.04102161
 -0.04894561 -0.04813692  0.0541742   0.03015939 -0.01990342]"
62,63,-2.162061165887253,-0.00417568184802386,309.79126834869385,"[ 0.1929872   0.08064198  0.12437845  0.06195924  0.07253958  0.04102161
 -0.04894561 -0.04813692  0.0541742   0.03015939 -0.01990342]"
63,64,-2.158298744016688,0.003762421870564747,323.63916182518005,"[ 0.1929872   0.08064198  0.12437845  0.06195924  0.07253958  0.04102161
 -0.04894561 -0.04813692  0.0541742   0.03015939 -0.01990342]"
64,65,-2.156510354031995,0.0017883899846928841,314.31785464286804,"[ 0.1929872   0.08064198  0.12437845  0.06195924  0.07253958  0.04102161
 -0.04894561 -0.04813692  0.0541742   0.03015939 -0.01990342]"
65,66,-2.161739603974181,-0.005229249942185987,320.1527967453003,"[ 0.1929872   0.08064198  0.12437845  0.06195924  0.07253958  0.04102161
 -0.04894561 -0.04813692  0.0541742   0.03015939 -0.01990342]"
66,67,-2.155845359014771,0.005894244959410155,316.7879409790039,"[ 0.1929872   0.08064198  0.12437845  0.06195924  0.07253958  0.04102161
 -0.04894561 -0.04813692  0.0541742   0.03015939 -0.01990342]"
67,68,-2.1593970209656783,-0.003551661950907281,312.53617215156555,"[ 0.1929872   0.08064198  0.12437845  0.06195924  0.07253958  0.04102161
 -0.04894561 -0.04813692  0.0541742   0.03015939 -0.01990342]"
68,69,-2.1544051137581133,0.004991907207565038,353.1568548679352,"[ 0.1929872   0.08064198  0.12437845  0.06195924  0.07253958  0.04102161
 -0.04894561 -0.04813692  0.0541742   0.03015939 -0.01990342]"
69,70,-2.1616049505559416,-0.007199836797828318,376.70964670181274,"[ 0.1929872   0.08064198  0.12437845  0.06195924  0.07253958  0.04102161
 -0.04894561 -0.04813692  0.0541742   0.03015939 -0.01990342]"
70,71,-2.16097473539584,0.0006302151601014216,375.96018052101135,"[ 0.1929872   0.08064198  0.12437845  0.06195924  0.07253958  0.04102161
 -0.04894561 -0.04813692  0.0541742   0.03015939 -0.01990342]"
71,72,-2.1623414707771627,-0.0013667353813224814,382.5211477279663,"[ 0.1929872   0.08064198  0.12437845  0.06195924  0.07253958  0.04102161
 -0.04894561 -0.04813692  0.0541742   0.03015939 -0.01990342]"
72,73,-2.1604603171402035,0.0018811536369591764,373.9143989086151,"[ 0.1929872   0.08064198  0.12437845  0.06195924  0.07253958  0.04102161
 -0.04894561 -0.04813692  0.0541742   0.03015939 -0.01990342]"
73,74,-2.1615044212335204,-0.0010441040933169,381.4613039493561,"[ 0.1929872   0.08064198  0.12437845  0.06195924  0.07253958  0.04102161
 -0.04894561 -0.04813692  0.0541742   0.03015939 -0.01990342]"
74,75,-2.1627071670655167,-0.0012027458319963102,377.49849581718445,"[ 0.1929872   0.08064198  0.12437845  0.06195924  0.07253958  0.04102161
 -0.04894561 -0.04813692  0.0541742   0.03015939 -0.01990342]"
75,76,-2.162228100769052,0.0004790662964646586,360.1090612411499,"[ 0.1929872   0.08064198  0.12437845  0.06195924  0.07253958  0.04102161
 -0.04894561 -0.04813692  0.0541742   0.03015939 -0.01990342]"
76,77,-2.163063582561771,-0.0008354817927189728,342.45905089378357,"[ 0.1929872   0.08064198  0.12437845  0.06195924  0.07253958  0.04102161
 -0.04894561 -0.04813692  0.0541742   0.03015939 -0.01990342]"
77,78,-2.1624315144096755,0.0006320681520954885,347.92332100868225,"[ 0.1929872   0.08064198  0.12437845  0.06195924  0.07253958  0.04102161
 -0.04894561 -0.04813692  0.0541742   0.03015939 -0.01990342]"
78,79,-2.16174436462845,0.0006871497812253047,347.5137839317322,"[ 0.1929872   0.08064198  0.12437845  0.06195924  0.07253958  0.04102161
 -0.04894561 -0.04813692  0.0541742   0.03015939 -0.01990342]"
79,80,-2.161251878471008,0.0004924861574422401,348.4966106414795,"[ 0.1929872   0.08064198  0.12437845  0.06195924  0.07253958  0.04102161
 -0.04894561 -0.04813692  0.0541742   0.03015939 -0.01990342]"
80,81,-2.162627498940241,-0.0013756204692332297,353.5744993686676,"[ 0.1929872   0.08064198  0.12437845  0.06195924  0.07253958  0.04102161
 -0.04894561 -0.04813692  0.0541742   0.03015939 -0.01990342]"
81,82,-2.1622250428230547,0.0004024561171864782,336.00010561943054,"[ 0.1929872   0.08064198  0.12437845  0.06195924  0.07253958  0.04102161
 -0.04894561 -0.04813692  0.0541742   0.03015939 -0.01990342]"
82,83,-2.161872787463754,0.0003522553593007238,354.95555686950684,"[ 0.1929872   0.08064198  0.12437845  0.06195924  0.07253958  0.04102161
 -0.04894561 -0.04813692  0.0541742   0.03015939 -0.01990342]"
83,84,-2.1623367817128076,-0.0004639942490536342,348.0312178134918,"[ 0.1929872   0.08064198  0.12437845  0.06195924  0.07253958  0.04102161
 -0.04894561 -0.04813692  0.0541742   0.03015939 -0.01990342]"
84,85,-2.162961231381419,-0.0006244496686114154,353.05147218704224,"[ 0.1929872   0.08064198  0.12437845  0.06195924  0.07253958  0.04102161
 -0.04894561 -0.04813692  0.0541742   0.03015939 -0.01990342]"
85,86,-2.1629813861995624,-2.0154818143325315e-05,343.4175181388855,"[ 0.1929872   0.08064198  0.12437845  0.06195924  0.07253958  0.04102161
 -0.04894561 -0.04813692  0.0541742   0.03015939 -0.01990342]"
86,87,-2.162778173865071,0.00020321233449127618,345.246511220932,"[ 0.1929872   0.08064198  0.12437845  0.06195924  0.07253958  0.04102161
 -0.04894561 -0.04813692  0.0541742   0.03015939 -0.01990342]"
87,88,-2.1619104604926203,0.0008677133724508401,349.98138642311096,"[ 0.1929872   0.08064198  0.12437845  0.06195924  0.07253958  0.04102161
 -0.04894561 -0.04813692  0.0541742   0.03015939 -0.01990342]"
88,89,-2.1622764258793232,-0.0003659653867029711,345.2873167991638,"[ 0.1929872   0.08064198  0.12437845  0.06195924  0.07253958  0.04102161
 -0.04894561 -0.04813692  0.0541742   0.03015939 -0.01990342]"
89,90,-2.162491746937184,-0.00021532105786059574,349.11208724975586,"[ 0.1929872   0.08064198  0.12437845  0.06195924  0.07253958  0.04102161
 -0.04894561 -0.04813692  0.0541742   0.03015939 -0.01990342]"
90,91,-2.162259396495867,0.00023235044131686422,341.8223514556885,"[ 0.1929872   0.08064198  0.12437845  0.06195924  0.07253958  0.04102161
 -0.04894561 -0.04813692  0.0541742   0.03015939 -0.01990342]"
91,92,-2.162017427543124,0.0002419689527428659,348.13355565071106,"[ 0.1929872   0.08064198  0.12437845  0.06195924  0.07253958  0.04102161
 -0.04894561 -0.04813692  0.0541742   0.03015939 -0.01990342]"
92,93,-2.1625722683545496,-0.0005548408114255388,344.7866632938385,"[ 0.1929872   0.08064198  0.12437845  0.06195924  0.07253958  0.04102161
 -0.04894561 -0.04813692  0.0541742   0.03015939 -0.01990342]"
93,94,-2.162241689847959,0.0003305785065905731,338.367684841156,"[ 0.1929872   0.08064198  0.12437845  0.06195924  0.07253958  0.04102161
 -0.04894561 -0.04813692  0.0541742   0.03015939 -0.01990342]"
94,95,-2.162883837995616,-0.0006421481476568403,348.6454060077667,"[ 0.1929872   0.08064198  0.12437845  0.06195924  0.07253958  0.04102161
 -0.04894561 -0.04813692  0.0541742   0.03015939 -0.01990342]"
95,96,-2.1618634944657074,0.0010203435299085406,347.83249616622925,"[ 0.1929872   0.08064198  0.12437845  0.06195924  0.07253958  0.04102161
 -0.04894561 -0.04813692  0.0541742   0.03015939 -0.01990342]"
96,97,-2.161635119394204,0.0002283750715035282,347.96794152259827,"[ 0.1929872   0.08064198  0.12437845  0.06195924  0.07253958  0.04102161
 -0.04894561 -0.04813692  0.0541742   0.03015939 -0.01990342]"
97,98,-2.162001282809247,-0.00036616341504336347,343.9989869594574,"[ 0.1929872   0.08064198  0.12437845  0.06195924  0.07253958  0.04102161
 -0.04894561 -0.04813692  0.0541742   0.03015939 -0.01990342]"
98,99,-2.1623159934068665,-0.00031471059761933873,351.0728838443756,"[ 0.1929872   0.08064198  0.12437845  0.06195924  0.07253958  0.04102161
 -0.04894561 -0.04813692  0.0541742   0.03015939 -0.01990342]"
99,100,-2.162608425383019,-0.0002924319761525851,349.2274167537689,"[ 0.1929872   0.08064198  0.12437845  0.06195924  0.07253958  0.04102161
 -0.04894561 -0.04813692  0.0541742   0.03015939 -0.01990342]"
100,101,-2.1626749634012454,-6.653801822631422e-05,343.32838582992554,"[ 0.1929872   0.08064198  0.12437845  0.06195924  0.07253958  0.04102161
 -0.04894561 -0.04813692  0.0541742   0.03015939 -0.01990342]"
101,102,-2.1619212236366163,0.0007537397646291133,347.5954225063324,"[ 0.1929872   0.08064198  0.12437845  0.06195924  0.07253958  0.04102161
 -0.04894561 -0.04813692  0.0541742   0.03015939 -0.01990342]"
102,103,-2.1618063625841386,0.0001148610524777105,346.0383405685425,"[ 0.1929872   0.08064198  0.12437845  0.06195924  0.07253958  0.04102161
 -0.04894561 -0.04813692  0.0541742   0.03015939 -0.01990342]"
103,104,-2.1625688883242242,-0.0007625257400856178,346.45881628990173,"[ 0.1929872   0.08064198  0.12437845  0.06195924  0.07253958  0.04102161
 -0.04894561 -0.04813692  0.0541742   0.03015939 -0.01990342]"
104,105,-2.1618234851085925,0.000745403215631768,340.77020049095154,"[ 0.1929872   0.08064198  0.12437845  0.06195924  0.07253958  0.04102161
 -0.04894561 -0.04813692  0.0541742   0.03015939 -0.01990342]"
105,106,-2.162470494607569,-0.0006470094989765585,351.393940448761,"[ 0.1929872   0.08064198  0.12437845  0.06195924  0.07253958  0.04102161
 -0.04894561 -0.04813692  0.0541742   0.03015939 -0.01990342]"
106,107,-2.1623008601946885,0.00016963441288053716,341.9941563606262,"[ 0.1929872   0.08064198  0.12437845  0.06195924  0.07253958  0.04102161
 -0.04894561 -0.04813692  0.0541742   0.03015939 -0.01990342]"
107,108,-2.1622319176186,6.894257608847099e-05,350.20591259002686,"[ 0.1929872   0.08064198  0.12437845  0.06195924  0.07253958  0.04102161
 -0.04894561 -0.04813692  0.0541742   0.03015939 -0.01990342]"
108,109,-2.162015809754466,0.00021610786413406302,344.82743191719055,"[ 0.1929872   0.08064198  0.12437845  0.06195924  0.07253958  0.04102161
 -0.04894561 -0.04813692  0.0541742   0.03015939 -0.01990342]"
109,110,-2.162703437975699,-0.0006876282212329166,350.0022506713867,"[ 0.1929872   0.08064198  0.12437845  0.06195924  0.07253958  0.04102161
 -0.04894561 -0.04813692  0.0541742   0.03015939 -0.01990342]"
110,111,-2.1618655387653174,0.0008378992103814653,348.52728295326233,"[ 0.1929872   0.08064198  0.12437845  0.06195924  0.07253958  0.04102161
 -0.04894561 -0.04813692  0.0541742   0.03015939 -0.01990342]"
111,112,-2.1624186212981145,-0.0005530825327970668,347.56386733055115,"[ 0.1929872   0.08064198  0.12437845  0.06195924  0.07253958  0.04102161
 -0.04894561 -0.04813692  0.0541742   0.03015939 -0.01990342]"
112,113,-2.1616491516874934,0.0007694696106210763,350.3222634792328,"[ 0.1929872   0.08064198  0.12437845  0.06195924  0.07253958  0.04102161
 -0.04894561 -0.04813692  0.0541742   0.03015939 -0.01990342]"
113,114,-2.1624378830344435,-0.0007887313469501223,344.8968951702118,"[ 0.1929872   0.08064198  0.12437845  0.06195924  0.07253958  0.04102161
 -0.04894561 -0.04813692  0.0541742   0.03015939 -0.01990342]"
114,115,-2.162799840474171,-0.00036195743972733396,345.15790581703186,"[ 0.1929872   0.08064198  0.12437845  0.06195924  0.07253958  0.04102161
 -0.04894561 -0.04813692  0.0541742   0.03015939 -0.01990342]"
115,116,-2.1625135331340735,0.00028630734009738035,350.14530205726624,"[ 0.1929872   0.08064198  0.12437845  0.06195924  0.07253958  0.04102161
 -0.04894561 -0.04813692  0.0541742   0.03015939 -0.01990342]"
116,117,-2.162592081866052,-7.85487319783229e-05,344.75675916671753,"[ 0.1929872   0.08064198  0.12437845  0.06195924  0.07253958  0.04102161
 -0.04894561 -0.04813692  0.0541742   0.03015939 -0.01990342]"
117,118,-2.1615177128216496,0.001074369044402168,349.56453227996826,"[ 0.1929872   0.08064198  0.12437845  0.06195924  0.07253958  0.04102161
 -0.04894561 -0.04813692  0.0541742   0.03015939 -0.01990342]"
118,119,-2.1629576868719878,-0.001439974050338133,343.03512692451477,"[ 0.1929872   0.08064198  0.12437845  0.06195924  0.07253958  0.04102161
 -0.04894561 -0.04813692  0.0541742   0.03015939 -0.01990342]"
119,120,-2.161823135507916,0.0011345513640717009,352.67002630233765,"[ 0.1929872   0.08064198  0.12437845  0.06195924  0.07253958  0.04102161
 -0.04894561 -0.04813692  0.0541742   0.03015939 -0.01990342]"
120,121,-2.162381332253994,-0.0005581967460779325,340.1085171699524,"[ 0.1929872   0.08064198  0.12437845  0.06195924  0.07253958  0.04102161
 -0.04894561 -0.04813692  0.0541742   0.03015939 -0.01990342]"
121,122,-2.1623760921100375,5.2401439565308294e-06,348.19269323349,"[ 0.1929872   0.08064198  0.12437845  0.06195924  0.07253958  0.04102161
 -0.04894561 -0.04813692  0.0541742   0.03015939 -0.01990342]"
122,123,-2.1621527259309796,0.00022336617905782674,347.25513648986816,"[ 0.1929872   0.08064198  0.12437845  0.06195924  0.07253958  0.04102161
 -0.04894561 -0.04813692  0.0541742   0.03015939 -0.01990342]"
123,124,-2.162067853405428,8.487252555156033e-05,351.25816226005554,"[ 0.1929872   0.08064198  0.12437845  0.06195924  0.07253958  0.04102161
 -0.04894561 -0.04813692  0.0541742   0.03015939 -0.01990342]"
124,125,-2.1623196045341913,-0.00025175112876318906,347.6093940734863,"[ 0.1929872   0.08064198  0.12437845  0.06195924  0.07253958  0.04102161
 -0.04894561 -0.04813692  0.0541742   0.03015939 -0.01990342]"
125,126,-2.1625818595275104,-0.00026225499331911095,344.26678252220154,"[ 0.1929872   0.08064198  0.12437845  0.06195924  0.07253958  0.04102161
 -0.04894561 -0.04813692  0.0541742   0.03015939 -0.01990342]"
126,127,-2.1631243405643015,-0.0005424810367911093,348.6054856777191,"[ 0.1929872   0.08064198  0.12437845  0.06195924  0.07253958  0.04102161
 -0.04894561 -0.04813692  0.0541742   0.03015939 -0.01990342]"
127,128,-2.162369266175541,0.000755074388760324,345.6762869358063,"[ 0.1929872   0.08064198  0.12437845  0.06195924  0.07253958  0.04102161
 -0.04894561 -0.04813692  0.0541742   0.03015939 -0.01990342]"
128,129,-2.1632093225926354,-0.0008400564170942815,355.8414590358734,"[ 0.1929872   0.08064198  0.12437845  0.06195924  0.07253958  0.04102161
 -0.04894561 -0.04813692  0.0541742   0.03015939 -0.01990342]"
129,130,-2.161686920002379,0.0015224025902562666,344.7576901912689,"[ 0.1929872   0.08064198  0.12437845  0.06195924  0.07253958  0.04102161
 -0.04894561 -0.04813692  0.0541742   0.03015939 -0.01990342]"
130,131,-2.1620391805386587,-0.00035226053627956944,341.6492409706116,"[ 0.1929872   0.08064198  0.12437845  0.06195924  0.07253958  0.04102161
 -0.04894561 -0.04813692  0.0541742   0.03015939 -0.01990342]"
131,132,-2.162075363668662,-3.618313000330886e-05,342.7324974536896,"[ 0.1929872   0.08064198  0.12437845  0.06195924  0.07253958  0.04102161
 -0.04894561 -0.04813692  0.0541742   0.03015939 -0.01990342]"
132,133,-2.162329110046481,-0.00025374637781894194,346.47861552238464,"[ 0.1929872   0.08064198  0.12437845  0.06195924  0.07253958  0.04102161
 -0.04894561 -0.04813692  0.0541742   0.03015939 -0.01990342]"
133,134,-2.1625475955551408,-0.00021848550865977145,345.4297683238983,"[ 0.1929872   0.08064198  0.12437845  0.06195924  0.07253958  0.04102161
 -0.04894561 -0.04813692  0.0541742   0.03015939 -0.01990342]"
134,135,-2.1615722148180985,0.0009753807370422862,347.4515471458435,"[ 0.1929872   0.08064198  0.12437845  0.06195924  0.07253958  0.04102161
 -0.04894561 -0.04813692  0.0541742   0.03015939 -0.01990342]"
135,136,-2.1626443927983376,-0.001072177980239175,340.79861783981323,"[ 0.1929872   0.08064198  0.12437845  0.06195924  0.07253958  0.04102161
 -0.04894561 -0.04813692  0.0541742   0.03015939 -0.01990342]"
136,137,-2.161954184600493,0.0006902081978448216,350.8910551071167,"[ 0.1929872   0.08064198  0.12437845  0.06195924  0.07253958  0.04102161
 -0.04894561 -0.04813692  0.0541742   0.03015939 -0.01990342]"
137,138,-2.1629945361503498,-0.0010403515498569327,350.9046802520752,"[ 0.1929872   0.08064198  0.12437845  0.06195924  0.07253958  0.04102161
 -0.04894561 -0.04813692  0.0541742   0.03015939 -0.01990342]"
138,139,-2.1624243123280724,0.0005702238222773381,350.80499291419983,"[ 0.1929872   0.08064198  0.12437845  0.06195924  0.07253958  0.04102161
 -0.04894561 -0.04813692  0.0541742   0.03015939 -0.01990342]"
139,140,-2.162003957642196,0.00042035468587631186,346.7778148651123,"[ 0.1929872   0.08064198  0.12437845  0.06195924  0.07253958  0.04102161
 -0.04894561 -0.04813692  0.0541742   0.03015939 -0.01990342]"
140,141,-2.1621580534360905,-0.0001540957938943599,351.80342745780945,"[ 0.1929872   0.08064198  0.12437845  0.06195924  0.07253958  0.04102161
 -0.04894561 -0.04813692  0.0541742   0.03015939 -0.01990342]"
141,142,-2.162166029432288,-7.975996197728819e-06,340.61997628211975,"[ 0.1929872   0.08064198  0.12437845  0.06195924  0.07253958  0.04102161
 -0.04894561 -0.04813692  0.0541742   0.03015939 -0.01990342]"
142,143,-2.161906954974086,0.00025907445820205766,348.66857862472534,"[ 0.1929872   0.08064198  0.12437845  0.06195924  0.07253958  0.04102161
 -0.04894561 -0.04813692  0.0541742   0.03015939 -0.01990342]"
143,144,-2.162324083433699,-0.0004171284596128366,345.0472445487976,"[ 0.1929872   0.08064198  0.12437845  0.06195924  0.07253958  0.04102161
 -0.04894561 -0.04813692  0.0541742   0.03015939 -0.01990342]"
144,145,-2.1626224463723456,-0.00029836293864660135,340.73061203956604,"[ 0.1929872   0.08064198  0.12437845  0.06195924  0.07253958  0.04102161
 -0.04894561 -0.04813692  0.0541742   0.03015939 -0.01990342]"
145,146,-2.1621285613709866,0.0004938850013589402,347.26615595817566,"[ 0.1929872   0.08064198  0.12437845  0.06195924  0.07253958  0.04102161
 -0.04894561 -0.04813692  0.0541742   0.03015939 -0.01990342]"
